# X Y Z
9.898681679969445923e+00 -9.539599881501869064e-03 1.621796435809764736e-01
9.798681729106984761e+00 -9.544262259540650661e-03 1.622784400302394736e-01
9.698681792655559519e+00 -9.548932536093604831e-03 1.623908677866015005e-01
9.598681873017136823e+00 -9.553611095199615599e-03 1.625173566693689509e-01
9.498681972800397944e+00 -9.558298344430263618e-03 1.626583544506198520e-01
9.398682094838516576e+00 -9.562994716657091318e-03 1.628143278079142164e-01
9.298682242208592186e+00 -9.567700671975792881e-03 1.629857633395957461e-01
9.198682418252925430e+00 -9.572416699799293424e-03 1.631731686477128074e-01
9.098682626602327517e+00 -9.577143321145639362e-03 1.633770734940149238e-01
8.998682871201676647e+00 -9.581881091143095233e-03 1.635980310350535205e-01
8.898683156337972022e+00 -9.586630601774070309e-03 1.638366191429982133e-01
8.798683486671150078e+00 -9.591392484874158852e-03 1.640934418194400501e-01
8.698683867267979153e+00 -9.596167415426801531e-03 1.643691307101850796e-01
8.598684303639364757e+00 -9.600956115194351354e-03 1.646643467298717356e-01
8.498684801781465126e+00 -9.605759356713691743e-03 1.649797818062260779e-01
8.398685368221055825e+00 -9.610577967677520067e-03 1.653161607547927736e-01
8.298686010065631891e+00 -9.615412835802302632e-03 1.656742432961102462e-01
8.198686735058817732e+00 -9.620264914206783091e-03 1.660548262287397936e-01
8.098687551641717164e+00 -9.625135227355086087e-03 1.664587457730334619e-01
7.998688469020935443e+00 -9.630024877659815533e-03 1.668868801021690385e-01
7.898689497244093083e+00 -9.634935052821062482e-03 1.673401520791062136e-01
7.798690647283778254e+00 -9.639867033993001003e-03 1.678195322202264139e-01
7.698691931131024013e+00 -9.644822204909831234e-03 1.683260419089960269e-01
7.598693361899538701e+00 -9.649802062078294621e-03 1.688607568859960828e-01
7.498694953942122154e+00 -9.654808226164178497e-03 1.694248110449369793e-01
7.398696722980906415e+00 -9.659842454802369457e-03 1.700194005682422738e-01
7.298698686253313639e+00 -9.664906657003220075e-03 1.706457884402511338e-01
7.198700862675934786e+00 -9.670002909369892347e-03 1.713053093812877681e-01
7.098703273028879046e+00 -9.675133474426679189e-03 1.719993752519863028e-01
6.998705940163564065e+00 -9.680300821362822564e-03 1.727294809842581380e-01
6.898708889237428643e+00 -9.685507649559438673e-03 1.734972111035888442e-01
6.798712147979641074e+00 -9.690756915392983659e-03 1.743042469172154663e-01
6.698715746992599307e+00 -9.696051862785586700e-03 1.751523744541153005e-01
6.598719720094886831e+00 -9.701396058143128484e-03 1.760434932563567922e-01
6.498724104712390037e+00 -9.706793430439423706e-03 1.769796261376620217e-01
6.398728942325567992e+00 -9.712248317303594572e-03 1.779629300442769069e-01
6.298734278982411894e+00 -9.717765518216146814e-03 1.789957081763325075e-01
6.198740165888534825e+00 -9.723350356031910946e-03 1.800804235558544075e-01
6.098746660088191440e+00 -9.729008748436969445e-03 1.812197142612126666e-01
5.998753825252932437e+00 -9.734747291211254955e-03 1.824164105887093046e-01
5.898761732598229557e+00 -9.740573355494710692e-03 1.836735544519712271e-01
5.798770461952955202e+00 -9.746495201905161845e-03 1.849944213909915647e-01
5.698780103012325959e+00 -9.752522114947835552e-03 1.863825456383579049e-01
5.598790756812211278e+00 -9.758664561895551148e-03 1.878417487837430178e-01
5.498802537471998875e+00 -9.764934381377808961e-03 1.893761726945623058e-01
5.398815574265166006e+00 -9.771345008120440809e-03 1.909903174972052420e-01
5.298830014092230201e+00 -9.777911742080362678e-03 1.926890856082127401e-01
5.198846024451013292e+00 -9.784652072238848169e-03 1.944778330396164101e-01
5.098863797025853017e+00 -9.791586067775755187e-03 1.963624295032711520e-01
4.998883552052884482e+00 -9.798736853365222835e-03 1.983493292260215535e-01
4.898905543666112195e+00 -9.806131189680867416e-03 2.004456548901179247e-01
4.798930066493480417e+00 -9.813800186202495390e-03 2.026592977709646692e-01
4.698957463860402584e+00 -9.821780181848805552e-03 2.049990380116727406e-01
4.598988138080356336e+00 -9.830113839725528393e-03 2.074746901291696921e-01
4.499022563483216608e+00 -9.838851516795119739e-03 2.100972803995306282e-01
4.399061303074593532e+00 -9.848052989914375666e-03 2.128792648786522468e-01
4.299105030068204769e+00 -9.857789647154887452e-03 2.158347997099964166e-01
4.199154556042029363e+00 -9.868147292237037377e-03 2.189800793932951961e-01
4.099210868222884052e+00 -9.879229764825572455e-03 2.223337643490268245e-01
3.999275179540498382e+00 -9.891163657695673656e-03 2.259175271922355954e-01
3.899348996837446180e+00 -9.904104526486991536e-03 2.297567588331430322e-01
3.799434215356949807e+00 -9.918245155556591058e-03 2.338814927685735623e-01
3.699533252015809737e+00 -9.933826697392612176e-03 2.383276318138410066e-01
3.599649237175868155e+00 -9.951153891623255171e-03 2.431386011822052329e-01
3.499786296800978747e+00 -9.970616179581767713e-03 2.483676139868423727e-01
3.399949978098367076e+00 -9.992717513222594550e-03 2.540808352366597522e-01
3.300147910019714192e+00 -1.001811928435828412e-02 2.603618959938131527e-01
3.200390861873064097e+00 -1.004770358937345266e-02 2.673184928256854276e-01
3.100694504592216294e+00 -1.008266900539115350e-02 2.750923116714464878e-01
3.100694504592216294e+00 -1.008266900539115350e-02 2.750923116714464878e-01
3.054939206070870661e+00 -1.010090202525432829e-02 2.789790993861961388e-01
2.984481684182964223e+00 -1.013239858974759530e-02 2.854399449762875518e-01
2.984481684182964223e+00 -1.013239858974759530e-02 2.854399449762875518e-01
2.949684941703053731e+00 -1.014967903482449224e-02 2.888654807441017880e-01
2.892298944011407968e+00 -1.018121979538022873e-02 2.949148661680475736e-01
2.892298944011407968e+00 -1.018121979538022873e-02 2.949148661680475736e-01
2.865005814922081839e+00 -1.019769231345131824e-02 2.979824495161363385e-01
2.817954406628981445e+00 -1.022875017889565176e-02 3.036062575464749669e-01
2.817954406628981445e+00 -1.022875017889565176e-02 3.036062575464749669e-01
2.795962043953508669e+00 -1.024452817932148749e-02 3.063920749028596902e-01
2.756889325567517091e+00 -1.027488307327031024e-02 3.116252708403559613e-01
2.756889325567517091e+00 -1.027488307327031024e-02 3.116252708403559613e-01
2.738781865447967423e+00 -1.029003992393160739e-02 3.141823931220156796e-01
2.705913004292441304e+00 -1.031958698939676108e-02 3.190665637070065341e-01
2.705913004292441304e+00 -1.031958698939676108e-02 3.190665637070065341e-01
2.690739223685476134e+00 -1.033417611556656547e-02 3.214336252695079166e-01
2.662754814518710766e+00 -1.036287222774152743e-02 3.260083481665098093e-01
2.662754814518710766e+00 -1.036287222774152743e-02 3.260083481665098093e-01
2.649851557719265394e+00 -1.037693651751750955e-02 3.282145188943393910e-01
2.625765306932698273e+00 -1.040477393893664108e-02 3.325150367357239678e-01
2.625765306932698273e+00 -1.040477393893664108e-02 3.325150367357239678e-01
2.614655755995608288e+00 -1.041835023132213489e-02 3.345830073519677761e-01
2.593721674846498182e+00 -1.044534222069723461e-02 3.386399805724794598e-01
2.593721674846498182e+00 -1.044534222069723461e-02 3.386399805724794598e-01
2.584054019212250974e+00 -1.045846343374201223e-02 3.405878297631470542e-01
2.565700297426231735e+00 -1.048463566522297476e-02 3.444277257190758168e-01
2.565700297426231735e+00 -1.048463566522297476e-02 3.444277257190758168e-01
2.557209207074347290e+00 -1.049733183192299094e-02 3.462701408128025515e-01
2.540991658957159949e+00 -1.052271705285589068e-02 3.499157817731821107e-01
2.540991658957159949e+00 -1.052271705285589068e-02 3.499157817731821107e-01
2.533473215137802992e+00 -1.053501585510063440e-02 3.516648886834368715e-01
2.519042371870126473e+00 -1.055965049284080318e-02 3.551359936687351615e-01
2.519042371870126473e+00 -1.055965049284080318e-02 3.551359936687351615e-01
2.512337256405764663e+00 -1.057157756628634461e-02 3.568019403466505812e-01
2.499414870876895289e+00 -1.059549956041165412e-02 3.601156078204201805e-01
2.499414870876895289e+00 -1.059549956041165412e-02 3.601156078204201805e-01
2.493396797517269725e+00 -1.060707869517258164e-02 3.617069861533458996e-01
2.481758864735446046e+00 -1.063032611984622913e-02 3.648781061383189472e-01
2.481758864735446046e+00 -1.063032611984622913e-02 3.648781061383189472e-01
2.476326436379314710e+00 -1.064157941400806044e-02 3.664022643855967543e-01
2.465790765961655584e+00 -1.066418961693702330e-02 3.694438637047505192e-01
2.465790765961655584e+00 -1.066418961693702330e-02 3.694438637047505192e-01
2.460861628464696693e+00 -1.067513760745162667e-02 3.709071426043870634e-01
2.451278634159213432e+00 -1.069714668870064105e-02 3.738306717321895900e-01
2.451278634159213432e+00 -1.069714668870064105e-02 3.738306717321895900e-01
2.446785204429241301e+00 -1.070780847032435160e-02 3.752385860690706232e-01
2.438030994960826980e+00 -1.072925098544289142e-02 3.780541568657768692e-01
2.438030994960826980e+00 -1.072925098544289142e-02 3.780541568657768692e-01
2.433917289828754438e+00 -1.073964432170098141e-02 3.794115372295920885e-01
2.425888426264516173e+00 -1.076055313255866799e-02 3.821281200666313826e-01
2.425888426264516173e+00 -1.076055313255866799e-02 3.821281200666313826e-01
2.422107674810447531e+00 -1.077069456005248956e-02 3.834392250061492424e-01
2.414717149177636912e+00 -1.079110078204269761e-02 3.860648125837489730e-01
2.414717149177636912e+00 -1.079110078204269761e-02 3.860648125837489730e-01
2.411229971604035072e+00 -1.080100570837022773e-02 3.873334184008517256e-01
2.404404090644161052e+00 -1.082093871987956091e-02 3.898751623548895595e-01
2.404404090644161052e+00 -1.082093871987956091e-02 3.898751623548895595e-01
2.401177092863759022e+00 -1.083062151516775776e-02 3.911046357517352634e-01
2.394853040032593139e+00 -1.085010900615020375e-02 3.935689609997823357e-01
2.394853040032593139e+00 -1.085010900615020375e-02 3.935689609997823357e-01
2.391857717317645182e+00 -1.085958308818009421e-02 3.947623184194196111e-01
2.385981628197344051e+00 -1.087865113227104441e-02 3.971550192874306884e-01
2.385981628197344051e+00 -1.087865113227104441e-02 3.971550192874306884e-01
2.383193501403770842e+00 -1.088792904523139260e-02 3.983149758085168246e-01
2.377718931554901438e+00 -1.090660218517142122e-02 4.006412972010360840e-01
2.377718931554901438e+00 -1.090660218517142122e-02 4.006412972010360840e-01
2.375116860337243896e+00 -1.091569567230984972e-02 4.017703071424468253e-01
2.370003555906786463e+00 -1.093399701171350775e-02 4.040350133818839673e-01
2.370003555906786463e+00 -1.093399701171350775e-02 4.040350133818839673e-01
2.367569188008027847e+00 -1.094291708210052942e-02 4.051353042698591089e-01
2.362782091912682514e+00 -1.096086837894482378e-02 4.073427377384770676e-01
2.362782091912682514e+00 -1.096086837894482378e-02 4.073427377384770676e-01
2.360499418072797617e+00 -1.096962536870801572e-02 4.084163389153536161e-01
2.360499418072797617e+00 -1.096962536870801572e-02 4.084163389153536161e-01
2.358251477171635191e+00 -1.097837839385407133e-02 4.094873776064195670e-01
2.358251477171635191e+00 -1.097837839385407133e-02 4.094873776064195670e-01
2.356049787558162301e+00 -1.098707894778112870e-02 4.105499718442596202e-01
2.356049787558162301e+00 -1.098707894778112870e-02 4.105499718442596202e-01
2.353892838116196984e+00 -1.099572837118275095e-02 4.116043534942375737e-01
2.353892838116196984e+00 -1.099572837118275095e-02 4.116043534942375737e-01
2.351779246636174214e+00 -1.100432771559741590e-02 4.126507160338982461e-01
2.351779246636174214e+00 -1.100432771559741590e-02 4.126507160338982461e-01
2.349707687354742891e+00 -1.101287801234761103e-02 4.136892476408620123e-01
2.349707687354742891e+00 -1.101287801234761103e-02 4.136892476408620123e-01
2.347676888418885000e+00 -1.102138027179175479e-02 4.147201312427589159e-01
2.347676888418885000e+00 -1.102138027179175479e-02 4.147201312427589159e-01
2.345685629163424046e+00 -1.102983548397786472e-02 4.157435447301952025e-01
2.345685629163424046e+00 -1.102983548397786472e-02 4.157435447301952025e-01
2.343732737552323364e+00 -1.103824461927876283e-02 4.167596611594220346e-01
2.343732737552323364e+00 -1.103824461927876283e-02 4.167596611594220346e-01
2.341817087776429940e+00 -1.104660862898345502e-02 4.177686489431637340e-01
2.341817087776429940e+00 -1.104660862898345502e-02 4.177686489431637340e-01
2.339937597990268348e+00 -1.105492844588782525e-02 4.187706720336850097e-01
2.339937597990268348e+00 -1.105492844588782525e-02 4.187706720336850097e-01
2.338093228182065442e+00 -1.106320498485788631e-02 4.197658900966540485e-01
2.338093228182065442e+00 -1.106320498485788631e-02 4.197658900966540485e-01
2.336282978169041069e+00 -1.107143914336385440e-02 4.207544586757170357e-01
2.336282978169041069e+00 -1.107143914336385440e-02 4.207544586757170357e-01
2.334505885703817007e+00 -1.107963180201593061e-02 4.217365293514293012e-01
2.334505885703817007e+00 -1.107963180201593061e-02 4.217365293514293012e-01
2.332761024691371254e+00 -1.108778382506691619e-02 4.227122498911830561e-01
2.332761024691371254e+00 -1.108778382506691619e-02 4.227122498911830561e-01
2.331047503504834584e+00 -1.109589606090769474e-02 4.236817643930421706e-01
2.331047503504834584e+00 -1.109589606090769474e-02 4.236817643930421706e-01
2.329364463395845242e+00 -1.110396934253966329e-02 4.246452134226345598e-01
2.329364463395845242e+00 -1.110396934253966329e-02 4.246452134226345598e-01
2.327711076991996197e+00 -1.111200448803571252e-02 4.256027341442396028e-01
2.327711076991996197e+00 -1.111200448803571252e-02 4.256027341442396028e-01
2.326086546877652594e+00 -1.112000230098024282e-02 4.265544604453371247e-01
2.326086546877652594e+00 -1.112000230098024282e-02 4.265544604453371247e-01
2.324490104249554268e+00 -1.112796357090515588e-02 4.275005230568800774e-01
2.324490104249554268e+00 -1.112796357090515588e-02 4.275005230568800774e-01
2.322921007646427505e+00 -1.113588907370421412e-02 4.284410496672440560e-01
2.322921007646427505e+00 -1.113588907370421412e-02 4.284410496672440560e-01
2.321378541744148816e+00 -1.114377957204403663e-02 4.293761650324603996e-01
2.321378541744148816e+00 -1.114377957204403663e-02 4.293761650324603996e-01
2.319862016216772904e+00 -1.115163581574738286e-02 4.303059910803384569e-01
2.319862016216772904e+00 -1.115163581574738286e-02 4.303059910803384569e-01
2.318370764656339400e+00 -1.115945854216774530e-02 4.312306470105931044e-01
2.318370764656339400e+00 -1.115945854216774530e-02 4.312306470105931044e-01
2.316904143546230532e+00 -1.116724847657145532e-02 4.321502493922690924e-01
2.316904143546230532e+00 -1.116724847657145532e-02 4.321502493922690924e-01
2.315461531290325947e+00 -1.117500633248547440e-02 4.330649122552238661e-01
2.315461531290325947e+00 -1.117500633248547440e-02 4.330649122552238661e-01
2.314042327290523282e+00 -1.118273281203986669e-02 4.339747471784869970e-01
2.314042327290523282e+00 -1.118273281203986669e-02 4.339747471784869970e-01
2.312645951069724148e+00 -1.119042860631017794e-02 4.348798633757348098e-01
2.312645951069724148e+00 -1.119042860631017794e-02 4.348798633757348098e-01
2.311271841440578623e+00 -1.119809439563769667e-02 4.357803677761143968e-01
2.311271841440578623e+00 -1.119809439563769667e-02 4.357803677761143968e-01
2.309919455712873937e+00 -1.120573084995321600e-02 4.366763651035440730e-01
2.309919455712873937e+00 -1.120573084995321600e-02 4.366763651035440730e-01
2.308588268942480592e+00 -1.121333862907628390e-02 4.375679579512272155e-01
2.308588268942480592e+00 -1.121333862907628390e-02 4.375679579512272155e-01
2.307277773215897998e+00 -1.122091838301375773e-02 4.384552468539349990e-01
2.307277773215897998e+00 -1.122091838301375773e-02 4.384552468539349990e-01
2.305987476968826666e+00 -1.122847075225173741e-02 4.393383303579066479e-01
2.305987476968826666e+00 -1.122847075225173741e-02 4.393383303579066479e-01
2.304716904337410721e+00 -1.123599636804009476e-02 4.402173050881342253e-01
2.304716904337410721e+00 -1.123599636804009476e-02 4.402173050881342253e-01
2.303465594542570383e+00 -1.124349585265667709e-02 4.410922658115818962e-01
2.303465594542570383e+00 -1.124349585265667709e-02 4.410922658115818962e-01
2.302233101299850038e+00 -1.125096981968381343e-02 4.419633055005114941e-01
2.302233101299850038e+00 -1.125096981968381343e-02 4.419633055005114941e-01
2.301018992259257434e+00 -1.125841887426180105e-02 4.428305153918720705e-01
2.301018992259257434e+00 -1.125841887426180105e-02 4.428305153918720705e-01
2.299822848471379633e+00 -1.126584361333943241e-02 4.436939850443288869e-01
2.299822848471379633e+00 -1.126584361333943241e-02 4.436939850443288869e-01
2.298644263877028138e+00 -1.127324462592215783e-02 4.445538023940113215e-01
2.298644263877028138e+00 -1.127324462592215783e-02 4.445538023940113215e-01
2.297482844819665804e+00 -1.128062249331454950e-02 4.454100538087180094e-01
2.297482844819665804e+00 -1.128062249331454950e-02 4.454100538087180094e-01
2.296338209581997081e+00 -1.128797778934526042e-02 4.462628241387359140e-01
2.296338209581997081e+00 -1.128797778934526042e-02 4.462628241387359140e-01
2.295209987941946306e+00 -1.129531108059557247e-02 4.471121967669801633e-01
2.295209987941946306e+00 -1.129531108059557247e-02 4.471121967669801633e-01
2.294097820748472127e+00 -1.130262292662439702e-02 4.479582536574469032e-01
2.294097820748472127e+00 -1.130262292662439702e-02 4.479582536574469032e-01
2.293001359516599447e+00 -1.130991388018415950e-02 4.488010754017418558e-01
2.293001359516599447e+00 -1.130991388018415950e-02 4.488010754017418558e-01
2.291920266041244769e+00 -1.131718448742265876e-02 4.496407412633097733e-01
2.291920266041244769e+00 -1.131718448742265876e-02 4.496407412633097733e-01
2.290854212026215198e+00 -1.132443528809475540e-02 4.504773292215180636e-01
2.290854212026215198e+00 -1.132443528809475540e-02 4.504773292215180636e-01
2.289802878730170299e+00 -1.133166681576110169e-02 4.513109160136547504e-01
2.289802878730170299e+00 -1.133166681576110169e-02 4.513109160136547504e-01
2.288765956627615505e+00 -1.133887959798535010e-02 4.521415771757582580e-01
2.288765956627615505e+00 -1.133887959798535010e-02 4.521415771757582580e-01
2.287743145084651708e+00 -1.134607415652592530e-02 4.529693870819533896e-01
2.287743145084651708e+00 -1.134607415652592530e-02 4.529693870819533896e-01
2.286734152049424651e+00 -1.135325100751417848e-02 4.537944189817992302e-01
2.286734152049424651e+00 -1.135325100751417848e-02 4.537944189817992302e-01
2.285738693753439410e+00 -1.136041066164500749e-02 4.546167450382692654e-01
2.285738693753439410e+00 -1.136041066164500749e-02 4.546167450382692654e-01
2.284756494427288676e+00 -1.136755362435135260e-02 4.554364363630314938e-01
2.284756494427288676e+00 -1.136755362435135260e-02 4.554364363630314938e-01
2.283787286027239460e+00 -1.137468039598109326e-02 4.562535630514704676e-01
2.283787286027239460e+00 -1.137468039598109326e-02 4.562535630514704676e-01
2.282830807973522891e+00 -1.138179147196628771e-02 4.570681942163398737e-01
2.282830807973522891e+00 -1.138179147196628771e-02 4.570681942163398737e-01
2.281886806899587228e+00 -1.138888734299056509e-02 4.578803980202472701e-01
2.281886806899587228e+00 -1.138888734299056509e-02 4.578803980202472701e-01
2.280955036411377979e+00 -1.139596849515215130e-02 4.586902417073694394e-01
2.280955036411377979e+00 -1.139596849515215130e-02 4.586902417073694394e-01
2.280035256855995396e+00 -1.140303541012509941e-02 4.594977916346038582e-01
2.280035256855995396e+00 -1.140303541012509941e-02 4.594977916346038582e-01
2.279127235100564253e+00 -1.141008856531349445e-02 4.603031133010666021e-01
2.279127235100564253e+00 -1.141008856531349445e-02 4.603031133010666021e-01
2.278230744318642476e+00 -1.141712843401295960e-02 4.611062713779379152e-01
2.278230744318642476e+00 -1.141712843401295960e-02 4.611062713779379152e-01
2.277345563786909555e+00 -1.142415548555340138e-02 4.619073297359063690e-01
2.277345563786909555e+00 -1.142415548555340138e-02 4.619073297359063690e-01
2.276471478688146366e+00 -1.143117018545351631e-02 4.627063514734497396e-01
2.276471478688146366e+00 -1.143117018545351631e-02 4.627063514734497396e-01
2.275608279923430732e+00 -1.143817299556193837e-02 4.635033989430329959e-01
2.275608279923430732e+00 -1.143817299556193837e-02 4.635033989430329959e-01
2.274755763929996455e+00 -1.144516437420826580e-02 4.642985337781705968e-01
2.274755763929996455e+00 -1.144516437420826580e-02 4.642985337781705968e-01
2.273913732508286767e+00 -1.145214477633341166e-02 4.650918169178380746e-01
2.273913732508286767e+00 -1.145214477633341166e-02 4.650918169178380746e-01
2.273081992653922079e+00 -1.145911465363457643e-02 4.658833086319083550e-01
2.273081992653922079e+00 -1.145911465363457643e-02 4.658833086319083550e-01
2.272260356397117320e+00 -1.146607445469890151e-02 4.666730685450300453e-01
2.272260356397117320e+00 -1.146607445469890151e-02 4.666730685450300453e-01
2.271448640647757422e+00 -1.147302462513856772e-02 4.674611556603748830e-01
2.271448640647757422e+00 -1.147302462513856772e-02 4.674611556603748830e-01
2.270646667046127831e+00 -1.147996560772446273e-02 4.682476283830604991e-01
2.270646667046127831e+00 -1.147996560772446273e-02 4.682476283830604991e-01
2.269854261820279273e+00 -1.148689784251150266e-02 4.690325445420471806e-01
2.269854261820279273e+00 -1.148689784251150266e-02 4.690325445420471806e-01
2.269071255647740593e+00 -1.149382176697186751e-02 4.698159614125292372e-01
2.269071255647740593e+00 -1.149382176697186751e-02 4.698159614125292372e-01
2.268297483522999425e+00 -1.150073781611737206e-02 4.705979357372358507e-01
2.268297483522999425e+00 -1.150073781611737206e-02 4.705979357372358507e-01
2.267532784629366027e+00 -1.150764642262853445e-02 4.713785237478189671e-01
2.267532784629366027e+00 -1.150764642262853445e-02 4.713785237478189671e-01
2.266777002216538772e+00 -1.151454801697201179e-02 4.721577811848032824e-01
2.266777002216538772e+00 -1.151454801697201179e-02 4.721577811848032824e-01
2.266029983481286703e+00 -1.152144302752768600e-02 4.729357633185515275e-01
2.266029983481286703e+00 -1.152144302752768600e-02 4.729357633185515275e-01
2.265291579453685866e+00 -1.152833188070610457e-02 4.737125249685868456e-01
2.265291579453685866e+00 -1.152833188070610457e-02 4.737125249685868456e-01
2.264561644887106429e+00 -1.153521500106766476e-02 4.744881205229459775e-01
2.264561644887106429e+00 -1.153521500106766476e-02 4.744881205229459775e-01
2.263840038152326262e+00 -1.154209281143773677e-02 4.752626039570126415e-01
2.263840038152326262e+00 -1.154209281143773677e-02 4.752626039570126415e-01
2.263126621134856187e+00 -1.154896573302825573e-02 4.760360288526643280e-01
2.263126621134856187e+00 -1.154896573302825573e-02 4.760360288526643280e-01
2.262421259136810026e+00 -1.155583418554938409e-02 4.768084484161561609e-01
2.262421259136810026e+00 -1.155583418554938409e-02 4.768084484161561609e-01
2.261723820781803340e+00 -1.156269858732337369e-02 4.775799154962180326e-01
2.261723820781803340e+00 -1.156269858732337369e-02 4.775799154962180326e-01
2.261034177923162858e+00 -1.156955935540090151e-02 4.783504826019415179e-01
2.261034177923162858e+00 -1.156955935540090151e-02 4.783504826019415179e-01
2.260352205555787197e+00 -1.157641690567146227e-02 4.791202019199418127e-01
2.260352205555787197e+00 -1.157641690567146227e-02 4.791202019199418127e-01
2.259677781730893287e+00 -1.158327165297440287e-02 4.798891253315050731e-01
2.259677781730893287e+00 -1.158327165297440287e-02 4.798891253315050731e-01
2.259010787474066362e+00 -1.159012401120709281e-02 4.806573044291411190e-01
2.259010787474066362e+00 -1.159012401120709281e-02 4.806573044291411190e-01
2.258351106705076994e+00 -1.159697439344432000e-02 4.814247905341765832e-01
2.258351106705076994e+00 -1.159697439344432000e-02 4.814247905341765832e-01
2.257698626162457867e+00 -1.160382321203624542e-02 4.821916347118452295e-01
2.256411764433797096e+00 -1.161755101079282350e-02 4.837273116358870584e-01
2.256411764433797096e+00 -1.161755101079282350e-02 4.837273116358870584e-01
2.255780879778111370e+00 -1.162439091244983451e-02 4.844917838782988317e-01
2.254536841558489879e+00 -1.163809883562128174e-02 4.860225257731604076e-01
2.254536841558489879e+00 -1.163809883562128174e-02 4.860225257731604076e-01
2.253925926778876487e+00 -1.164494066884995231e-02 4.867858801993011353e-01
2.252721527161876569e+00 -1.165865049542313785e-02 4.883141996831740217e-01
2.252721527161876569e+00 -1.165865049542313785e-02 4.883141996831740217e-01
2.252129724040627501e+00 -1.166549792433326307e-02 4.890768806353537612e-01
2.250963273385690577e+00 -1.167921699646805832e-02 4.906036662403128190e-01
2.250963273385690577e+00 -1.167921699646805832e-02 4.906036662403128190e-01
2.250389782959379303e+00 -1.168607370544812001e-02 4.913661164266442949e-01
2.249259708343946951e+00 -1.169980940190910521e-02 4.928922531066695090e-01
2.249259708343946951e+00 -1.169980940190910521e-02 4.928922531066695090e-01
2.248703787989316805e+00 -1.170667909012582282e-02 4.936549132037054699e-01
2.247608627507669876e+00 -1.172043881512178053e-02 4.951812815164455817e-01
2.247608627507669876e+00 -1.172043881512178053e-02 4.951812815164455817e-01
2.247069587117647593e+00 -1.172732520512970687e-02 4.959445913249192484e-01
2.246007982411037496e+00 -1.174111640548120006e-02 4.974720697268358305e-01
2.246007982411037496e+00 -1.174111640548120006e-02 4.974720697268358305e-01
2.245485180952907278e+00 -1.174802325190908367e-02 4.982364693116818066e-01
2.244455870484471927e+00 -1.176185343433697010e-02 4.997659364210985111e-01
2.244455870484471927e+00 -1.176185343433697010e-02 4.997659364210984556e-01
2.243948712902208875e+00 -1.176878453270258779e-02 5.005318672449351469e-01
2.242950525903256942e+00 -1.178266128136441077e-02 5.020642040910535675e-01
2.242950525903256942e+00 -1.178266128136441077e-02 5.020642040910535675e-01
2.242458460330959635e+00 -1.178962047709051185e-02 5.028321101501229684e-01
2.241490311354778608e+00 -1.180355147150249397e-02 5.043682024257292174e-01
2.241490311354778608e+00 -1.180355147150249397e-02 5.043682024257292174e-01
2.241012826615429443e+00 -1.181054266916551319e-02 5.051385313924892095e-01
2.240073710648835981e+00 -1.182453570256533290e-02 5.066792717184658290e-01
2.240073710648835981e+00 -1.182453570256533290e-02 5.066792717184658290e-01
2.239610334012616555e+00 -1.183156287544084515e-02 5.074524761002067175e-01
2.238699322095359268e+00 -1.184562587371446214e-02 5.089987663202741874e-01
2.238699322095359268e+00 -1.184562587371446214e-02 5.089987663202741874e-01
2.238249617278160741e+00 -1.185269307364619079e-02 5.097753046381218178e-01
2.237365852592807958e+00 -1.186683411488657219e-02 5.113280581522893220e-01
2.237365852592807958e+00 -1.186683411488657219e-02 5.113280581522893220e-01
2.236929417974930612e+00 -1.187394548257624839e-02 5.121083961506699422e-01
2.236072112368516329e+00 -1.188817281745428896e-02 5.136685403072090983e-01
2.236072112368516329e+00 -1.188817281745428896e-02 5.136685403072090983e-01
2.235648579419688087e+00 -1.189533259319385493e-02 5.144531521981035027e-01
2.234817010330282461e+00 -1.190965466617425507e-02 5.160216307523773915e-01
2.234817010330282461e+00 -1.190965466617425507e-02 5.160216307523773915e-01
2.234406042226297018e+00 -1.191686720110021573e-02 5.168110005040474908e-01
2.233599549986137411e+00 -1.193129267268084812e-02 5.183887761632328672e-01
2.233599549986137411e+00 -1.193129267268084812e-02 5.183887761632328672e-01
2.233200840405947130e+00 -1.193856244062832007e-02 5.191833988412685175e-01
2.232418825899524784e+00 -1.195310021074092420e-02 5.207714559102494256e-01
2.232418825899524784e+00 -1.195310021074092420e-02 5.207714559102494256e-01
2.232032097993760900e+00 -1.196043182075781468e-02 5.215718390785933911e-01
2.231274020653482903e+00 -1.197509105343646726e-02 5.231711862219501352e-01
2.231274020653482903e+00 -1.197509105343646726e-02 5.231711862219501352e-01
2.230899026175734878e+00 -1.198248926305135569e-02 5.239778514149602273e-01
2.230164402298478343e+00 -1.199727941258065499e-02 5.255895245566811758e-01
2.230164402298478343e+00 -1.199727941258065499e-02 5.255895245566811758e-01
2.229800920894564609e+00 -1.200474914189754959e-02 5.264030088295592602e-01
2.229089322269987239e+00 -1.201967998056046628e-02 5.280280742046227216e-01
2.229089322269987239e+00 -1.201967998056046628e-02 5.280280742046227216e-01
2.228737160919142646e+00 -1.202722632730996062e-02 5.288489317762476993e-01
2.228048213758185181e+00 -1.204230797498231399e-02 5.304884891615532228e-01
2.228048213758185181e+00 -1.204230797498231399e-02 5.304884891615532228e-01
2.227707206364608616e+00 -1.204993623059512874e-02 5.313172931586477299e-01
2.227040590525307007e+00 -1.206517918634497817e-02 5.329724793004881889e-01
2.227040590525307007e+00 -1.206517918634497817e-02 5.329724793004881889e-01
2.226710597657905133e+00 -1.207289485320096716e-02 5.338098236174687594e-01
2.226066046164576484e+00 -1.208831002915372425e-02 5.354818158834969699e-01
2.226066046164576484e+00 -1.208831002915372425e-02 5.354818158834969699e-01
2.225746954944634037e+00 -1.209611883913509767e-02 5.363283171733101984e-01
2.225124253800166763e+00 -1.211171759688353146e-02 5.380183374587269585e-01
2.225124253800166763e+00 -1.211171759688353146e-02 5.380183374587269585e-01
2.224815977939662126e+00 -1.211962553136270576e-02 5.388746372677246654e-01
2.224214966236464086e+00 -1.213541972115625076e-02 5.405839561808379878e-01
2.224214966236464086e+00 -1.213541972115625076e-02 5.405839561808379878e-01
2.223917446229100481e+00 -1.214343303260425645e-02 5.414507232480737509e-01
2.223338016563084274e+00 -1.215943503567851539e-02 5.431806646148534812e-01
2.223338016563084274e+00 -1.215943503567851539e-02 5.431806646148534812e-01
2.223051220033634756e+00 -1.216756027106298023e-02 5.440585973536570252e-01
2.222493319232444087e+00 -1.218378304545279615e-02 5.458105430757157484e-01
2.222493319232444087e+00 -1.218378304545279615e-02 5.458105430757157484e-01
2.222217241450689329e+00 -1.219202707164795778e-02 5.467003722604875104e-01
2.221680871628835430e+00 -1.220848420189126794e-02 5.484757675708914482e-01
2.221680871628835430e+00 -1.220848420189126794e-02 5.484757675708914482e-01
2.221415536196973850e+00 -1.221685423332041949e-02 5.493782592531040176e-01
2.220900756155528732e+00 -1.223355998450011833e-02 5.511786184162718039e-01
2.220900756155528732e+00 -1.223355998450011833e-02 5.511786184162718039e-01
2.220646215879698904e+00 -1.224206361328787455e-02 5.520945770975839162e-01
2.220153142871770235e+00 -1.225903298991968572e-02 5.539214896071119609e-01
2.220153142871770235e+00 -1.225903298991968572e-02 5.539214896071119609e-01
2.219909480830637882e+00 -1.226767821883729265e-02 5.548517617014817604e-01
2.219438292718344918e+00 -1.228492702918436603e-02 5.567068990373639226e-01
2.219438292718344918e+00 -1.228492702918436603e-02 5.567068990373639226e-01
2.219205623544738604e+00 -1.229372230774336029e-02 5.576523766567798024e-01
2.218756561379365166e+00 -1.231126723420243943e-02 5.595374996685988922e-01
2.218756561379365166e+00 -1.231126723420243943e-02 5.595374996685988922e-01
2.218535032773374827e+00 -1.232022149826887680e-02 5.604991247738407845e-01
2.218108403835161280e+00 -1.233808017458491724e-02 5.624160917696248152e-01
2.218108403835161280e+00 -1.233808017458491724e-02 5.624160917696248152e-01
2.217898198331016868e+00 -1.234720288996674423e-02 5.633948607312008194e-01
2.217494379672709126e+00 -1.236539398609982042e-02 5.653456363586040201e-01
2.217494379672709126e+00 -1.236539398609982042e-02 5.653456363586040201e-01
2.217295716685482088e+00 -1.237469519658569717e-02 5.663426049799784590e-01
2.216915159231014343e+00 -1.239323851218368348e-02 5.683292699997448683e-01
2.216915159231014343e+00 -1.239323851218368348e-02 5.683292699997448683e-01
2.216728297413135707e+00 -1.240272889263864531e-02 5.693455590651506082e-01
2.216371530670671053e+00 -1.242164546026724992e-02 5.713703211363883039e-01
2.216371530670671053e+00 -1.242164546026724992e-02 5.713703211363883039e-01
2.216196770614690781e+00 -1.243133637541722104e-02 5.724071225488246428e-01
2.215864408075681524e+00 -1.245064857474303781e-02 5.744723281514072522e-01
2.215864408075681524e+00 -1.245064857474303781e-02 5.744723281514072522e-01
2.215702095404131100e+00 -1.246055214444550044e-02 5.755309117450156942e-01
2.215394840708822422e+00 -1.248028382890405651e-02 5.776390594003846246e-01
2.215394840708822422e+00 -1.248028382890405651e-02 5.776390594003846246e-01
2.215245369600678860e+00 -1.249041300075601907e-02 5.787207805162963847e-01
2.214964023567310036e+00 -1.251058963833654759e-02 5.808745354765504354e-01
2.214964023567310036e+00 -1.251058963833654759e-02 5.808745354765504354e-01
2.214827840778318624e+00 -1.252095826864468506e-02 5.819808434087654359e-01
2.214573309408313762e+00 -1.254160709872674355e-02 5.841830540171881747e-01
2.214573309408313762e+00 -1.254160709872674355e-02 5.841830540171881747e-01
2.214450918851976979e+00 -1.255223004304441975e-02 5.853155014554669577e-01
2.214224222442122247e+00 -1.257338025161299465e-02 5.875692174204860674e-01
2.214224222442122247e+00 -1.257338025161299465e-02 5.875692174204860674e-01
2.214116190410684748e+00 -1.258427346623678181e-02 5.887294710339023851e-01
2.213918473927464436e+00 -1.260595638207504671e-02 5.910379638894597276e-01
2.213918473927464436e+00 -1.260595638207504671e-02 5.910379638894597276e-01
2.213825435046045342e+00 -1.261713703809747011e-02 5.922278162201437546e-01
2.213657979944203102e+00 -1.263938635302288074e-02 5.945946022942673048e-01
2.213657979944203102e+00 -1.263938635302288074e-02 5.945946022942673048e-01
2.213580643968029893e+00 -1.265087296487820562e-02 5.958159851628140879e-01
2.213444881667862241e+00 -1.267372498168317652e-02 5.982448514363575276e-01
2.213444881667862241e+00 -1.267372498168317652e-02 5.982448514363575276e-01
2.213384041253120937e+00 -1.268553755244968342e-02 5.994998510954557824e-01
2.213281568530768073e+00 -1.270903146480072479e-02 6.019948843986202558e-01
2.213281568530768073e+00 -1.270903146480072479e-02 6.019948843986202558e-01
2.213238108134495175e+00 -1.272119165087783228e-02 6.032857587112590014e-01
2.213170704727422500e+00 -1.274536986016576619e-02 6.058513787795440919e-01
2.213170704727422500e+00 -1.274536986016576619e-02 6.058513787795440919e-01
2.213145610821457332e+00 -1.275790115855992245e-02 6.071805767573089652e-01
2.213115259608293250e+00 -1.278280963374388464e-02 6.098215737796048863e-01
2.213115259608293250e+00 -1.278280963374388464e-02 6.098215737796048863e-01
2.213109632429334006e+00 -1.279573759575244538e-02 6.111917578811111307e-01
2.213118542614385564e+00 -1.282142628334043653e-02 6.139133352927478304e-01
2.213118542614385564e+00 -1.282142628334043653e-02 6.139133352927478304e-01
2.213133609717567563e+00 -1.283477875913089511e-02 6.153274069519655276e-01
2.213184243536814311e+00 -1.286130205173248268e-02 6.181352303538407700e-01
2.213184243536814311e+00 -1.286130205173248268e-02 6.181352303538407700e-01
2.213221375475491470e+00 -1.287510947135824153e-02 6.195963593206400555e-01
2.213316479046854912e+00 -1.290252674517147931e-02 6.224966126158186785e-01
2.213316479046854912e+00 -1.290252674517147931e-02 6.224966126158186785e-01
2.213377207570913274e+00 -1.291682244262502485e-02 6.240082708015389779e-01
2.213519846643802413e+00 -1.294519867617946463e-02 6.270077208433300076e-01
2.213519846643802413e+00 -1.294519867617946463e-02 6.270077208433300076e-01
2.213605885895261416e+00 -1.296001926460559582e-02 6.285737215231110842e-01
2.213799487418819822e+00 -1.298942575389153316e-02 6.316797928622056579e-01
2.213799487418819822e+00 -1.298942575389153316e-02 6.316797928622056579e-01
2.213912758712178963e+00 -1.300481156182163416e-02 6.333043362708151713e-01
2.214161159347046048e+00 -1.303532675008905323e-02 6.365251979278746530e-01
2.214161159347046048e+00 -1.303532675008905323e-02 6.365251979278746530e-01
2.214303820259535538e+00 -1.305132233092361378e-02 6.382129245328740375e-01
2.214611323218002692e+00 -1.308303277579408140e-02 6.415575911758095717e-01
2.214611323218002692e+00 -1.308303277579408140e-02 6.415575911758095717e-01
2.214785801890412298e+00 -1.309968750562862626e-02 6.433136442175005909e-01
2.215157243819729782e+00 -1.313268901134193034e-02 6.467920946794689652e-01
2.215157243819729782e+00 -1.313268901134193034e-02 6.467920946794689652e-01
2.215366279592503762e+00 -1.315005779391563955e-02 6.486221939514279500e-01
2.215807109635092420e+00 -1.318445674329369981e-02 6.522455107220330728e-01
2.215807109635092420e+00 -1.318445674329369981e-02 6.522455107220330728e-01
2.216053801436990156e+00 -1.320260084586293882e-02 6.541560400953095877e-01
2.216570175147934307e+00 -1.323851577545232146e-02 6.579365743775352771e-01
2.216570175147934307e+00 -1.323851577545232146e-02 6.579365743775352771e-01
2.216858039431385041e+00 -1.325750382532928442e-02 6.599346862066586272e-01
2.217456930931864356e+00 -1.329506729809241776e-02 6.638862542704712100e-01
2.217456930931864356e+00 -1.329506729809241776e-02 6.638862542704712100e-01
2.217789971449742659e+00 -1.331497647816803909e-02 6.659799947125096820e-01
2.218479308121018789e+00 -1.335433732319761709e-02 6.701181128791930952e-01
2.218479308121018789e+00 -1.335433732319761709e-02 6.701181128791930952e-01
2.218862100499951140e+00 -1.337525481543293433e-02 6.723165732952617324e-01
2.219650925735196179e+00 -1.341658082324987712e-02 6.766587409107565065e-01
2.219650925735196179e+00 -1.341658082324987712e-02 6.766587409107565065e-01
2.220088720688085271e+00 -1.343860556387007493e-02 6.789722420701524985e-01
2.220987391841461989e+00 -1.348208675185026510e-02 6.835382845723020351e-01
2.220987391841461989e+00 -1.348208675185026510e-02 6.835382845723020351e-01
2.221486242063868577e+00 -1.350533158167931472e-02 6.859786024684901840e-01
2.222506672918171500e+00 -1.355118417867547977e-02 6.907910903273050129e-01
2.222506672918171500e+00 -1.355118417867547977e-02 6.907910903273050129e-01
2.223073590359779583e+00 -1.357577849905243494e-02 6.933717352739152684e-01
2.224229550402383460e+00 -1.362424984543430563e-02 6.984564995762583273e-01
2.224229550402383460e+00 -1.362424984543430563e-02 6.984564995762583273e-01
2.224872702891871779e+00 -1.365034292775652545e-02 7.011930642255473911e-01
2.226180189780715857e+00 -1.370171755183727767e-02 7.065798365634613498e-01
2.226180189780715857e+00 -1.370171755183727767e-02 7.065798365634613498e-01
2.226909149195149151e+00 -1.372948270117480343e-02 7.094904340549204047e-01
2.228386856494575241e+00 -1.378408992285013769e-02 7.152136479339505915e-01
2.228386856494575241e+00 -1.378408992285013769e-02 7.152136479339505915e-01
2.229212915254134231e+00 -1.381372977122383681e-02 7.183194693403256448e-01
2.230882825584528106e+00 -1.387195331096261960e-02 7.244192738667029063e-01
2.230882825584528106e+00 -1.387195331096261960e-02 7.244192738667029063e-01
2.231819404899841874e+00 -1.390370662420254387e-02 7.277453056006205623e-01
2.233707550196379898e+00 -1.396599687698524793e-02 7.342688615447309219e-01
2.233707550196379898e+00 -1.396599687698524793e-02 7.342688615447309219e-01
2.234770733306855828e+00 -1.400014741886419778e-02 7.378448203643529490e-01
2.236908180730091011e+00 -1.406703731708928637e-02 7.448479769126161720e-01
2.236908180730091011e+00 -1.406703731708928637e-02 7.448479769126161720e-01
2.238117419110471129e+00 -1.410392555402179698e-02 7.487095456234543756e-01
2.240541566110886951e+00 -1.417605133432365411e-02 7.562590378449514095e-01
2.240541566110886951e+00 -1.417605133432365411e-02 7.562590378449514095e-01
2.241920629245032437e+00 -1.421609013108231581e-02 7.604495238416187908e-01
2.244676928987396014e+00 -1.429421890871575979e-02 7.686258938507525285e-01
2.244676928987396014e+00 -1.429421890871575979e-02 7.686258938507525285e-01
2.246255203839182091e+00 -1.433791494119906855e-02 7.731984939208504937e-01
2.249399500329000823e+00 -1.442298190148217502e-02 7.821000356824538979e-01
2.249399500329000823e+00 -1.442298190148217502e-02 7.821000356824538979e-01
2.251213803872717190e+00 -1.447096543787715003e-02 7.871209890883542615e-01
2.254815547754728478e+00 -1.456412487784027217e-02 7.968691694029885753e-01
2.254815547754728478e+00 -1.456412487784027217e-02 7.968691694029885753e-01
2.256912710808359979e+00 -1.461719211103221228e-02 8.024222445567392725e-01
2.261059474826073501e+00 -1.471988885755581671e-02 8.131692989404211147e-01
2.261059474826073501e+00 -1.471988885755581671e-02 8.131692989404211147e-01
2.263500117862316863e+00 -1.477906358793996261e-02 8.193623382807274647e-01
2.268304076544958470e+00 -1.489313511073231573e-02 8.313021482904944248e-01
2.268304076544958470e+00 -1.489313511073231573e-02 8.313021482904944248e-01
2.271168286475306886e+00 -1.495976121283004376e-02 8.382768911987791283e-01
2.276775743931302998e+00 -1.508758720185717807e-02 8.516609449238499163e-01
2.276775743931302998e+00 -1.508758720185717807e-02 8.516609449238499163e-01
2.280171894256358911e+00 -1.516347186361114222e-02 8.596082637473502208e-01
2.286777682451954341e+00 -1.530819935482413338e-02 8.747697232214345364e-01
2.286777682451954341e+00 -1.530819935482413338e-02 8.747697232214345364e-01
2.290856674012221372e+00 -1.539584363802815048e-02 8.839541812734507120e-01
2.298726587335916616e+00 -1.556173624910266520e-02 9.013452987089748403e-01
2.298726587335916616e+00 -1.556173624910266520e-02 9.013452987089748403e-01
2.303705907746530723e+00 -1.566472337469708778e-02 9.121465704743875191e-01
2.313212860757497324e+00 -1.585772139248620496e-02 9.323988459148685459e-01
2.313212860757497324e+00 -1.585772139248620496e-02 9.323988459148685459e-01
2.319419495748729965e+00 -1.598140695441973430e-02 9.453854678853965687e-01
2.331103938896372796e+00 -1.621005776987717237e-02 9.694098908118238267e-01
2.331103938896372796e+00 -1.621005776987717237e-02 9.694098908118238267e-01
2.339056094951974085e+00 -1.636287956631363519e-02 9.854794817228363923e-01
2.353730535100194476e+00 -1.663993560896917523e-02 1.014639366865177195e+00
2.353730535100194476e+00 -1.663993560896917523e-02 1.014639366865177195e+00
2.364306314974351508e+00 -1.683610696286674119e-02 1.035307574059913804e+00
2.383240038230937330e+00 -1.718132015007525770e-02 1.071722538498017574e+00
2.383240038230937330e+00 -1.718132015007525770e-02 1.071722538498017574e+00
2.398062160071322779e+00 -1.744694840919400539e-02 1.099781118046128325e+00
2.423294997229618275e+00 -1.789172175768570863e-02 1.146838398071989840e+00
2.460812747094427433e+00 -1.853950209699970625e-02 1.215540780892744088e+00
2.507101869823852525e+00 -1.932232345120861103e-02 1.298820581785635309e+00
2.556088949907721286e+00 -2.013673454448806216e-02 1.385740656638639878e+00
2.605545857565790602e+00 -2.094858868229196661e-02 1.472649965002613248e+00
2.655248983975808219e+00 -2.175692043930275640e-02 1.559419387137470414e+00
2.705119575450292579e+00 -2.256237013678035960e-02 1.646092735097069992e+00
2.755103433832046811e+00 -2.336543600315342528e-02 1.732700853791919737e+00
2.805162730221133938e+00 -2.416650931356725818e-02 1.819265418894871811e+00
2.855270859331841216e+00 -2.496590154806135539e-02 1.905801745897013566e+00
2.905409024160353404e+00 -2.576386364381050287e-02 1.992320689016404023e+00
2.955563923668274917e+00 -2.656059991563062758e-02 2.078829944153067988e+00
3.005726161329363322e+00 -2.735627830083313394e-02 2.165334954438742798e+00
3.055889134723958733e+00 -2.815103801871975814e-02 2.251839546546357429e+00
3.106048251850661135e+00 -2.894499537852255472e-02 2.338346382054639960e+00
3.156200372682225197e+00 -2.973824823938470488e-02 2.424857280229804068e+00
3.206343408006887774e+00 -3.053087947443306263e-02 2.511373450459760015e+00
3.256476029314275600e+00 -3.132295968908906103e-02 2.597895660613520175e+00
3.306597457827413766e+00 -3.211454937412574345e-02 2.684424359584454578e+00
3.356707310411203959e+00 -3.290570062560308623e-02 2.770959766835431992e+00
3.406805486646779624e+00 -3.369645852954907678e-02 2.857501938025670096e+00
3.456892085885462151e+00 -3.448686228473404891e-02 2.944050813203455519e+00
3.506967346252397366e+00 -3.527694611917019107e-02 3.030606252228931208e+00
3.557031599793992527e+00 -3.606674004283809409e-02 3.117168060803964469e+00
3.607085239544228550e+00 -3.685627046943439067e-02 3.203736009568609600e+00
3.657128695417827924e+00 -3.764556073277451620e-02 3.290309848064925102e+00
3.707162416655807036e+00 -3.843463151782791631e-02 3.376889314892909333e+00
3.757186859142829682e+00 -3.922350122224185082e-02 3.463474145037253926e+00
3.807202476349728748e+00 -4.001218626095447151e-02 3.550064075090646032e+00
3.857209712973289850e+00 -4.080070132394632981e-02 3.636658846913526588e+00
3.907209000580551095e+00 -4.158905959523107737e-02 3.723258210133125523e+00
3.957200754739326420e+00 -4.237727293965073971e-02 3.809861923782928095e+00
4.007185373246411331e+00 -4.316535206281051779e-02 3.896469757308149706e+00
4.057163235161778125e+00 -4.395330664849785018e-02 3.983081491106414518e+00
4.107134700429771357e+00 -4.474114547715045409e-02 4.069696916730533687e+00
4.157100109922780007e+00 -4.552887652835466148e-02 4.156315836848619938e+00
4.207059785783926920e+00 -4.631650706977974430e-02 4.242938065032918260e+00
4.257014031976340540e+00 -4.710404373457939553e-02 4.329563425430731805e+00
4.306963134969958418e+00 -4.789149258897738154e-02 4.416191752357261358e+00
4.356907364514531089e+00 -4.867885919142622697e-02 4.502822889839910303e+00
4.406846974460858490e+00 -4.946614864453582200e-02 4.589456691135877620e+00
4.456782203602477566e+00 -5.025336564078077689e-02 4.676093018238971943e+00
4.506713276517677613e+00 -5.104051450282975910e-02 4.762731741387161044e+00
4.556640404397491295e+00 -5.182759921922641677e-02 4.849372738579038611e+00
4.606563785849713710e+00 -5.261462347602012535e-02 4.936015895104853612e+00
4.656483607672247338e+00 -5.340159068486690502e-02 5.022661103095891200e+00
4.706400045591531800e+00 -5.418850400806698303e-02 5.109308261094568593e+00
4.756313264963650589e+00 -5.497536638090788630e-02 5.195957273646567565e+00
4.806223421437022303e+00 -5.576218053165177269e-02 5.282608050915577280e+00
4.856130661576588459e+00 -5.654894899944337000e-02 5.369260508320626180e+00
4.906035123450084079e+00 -5.733567415039089038e-02 5.455914566195636972e+00
4.955936937177479074e+00 -5.812235819203944581e-02 5.542570149470517293e+00
5.005836225445002619e+00 -5.890900318640603095e-02 5.629227187372943142e+00
5.055733103985361687e+00 -5.969561106175211990e-02 5.715885613149866984e+00
5.105627682025914993e+00 -6.048218362323223157e-02 5.802545363807706025e+00
5.155520062706604456e+00 -6.126872256253700771e-02 5.889206379870149277e+00
5.205410343469433876e+00 -6.205522946664837614e-02 5.975868605152524715e+00
5.255298616421287150e+00 -6.284170582579093334e-02 6.062531986551676688e+00
5.305184968671833090e+00 -6.362815304066850308e-02 6.149196473850327749e+00
5.355069482648164403e+00 -6.441457242906405145e-02 6.235862019534955891e+00
5.404952236387767783e+00 -6.520096523186007242e-02 6.322528578626259055e+00
5.454833303811324363e+00 -6.598733261854504428e-02 6.409196108521330260e+00
5.504712754976769595e+00 -6.677367569225249599e-02 6.495864568846704934e+00
5.554590656315943953e+00 -6.755999549437544105e-02 6.582533921321508608e+00
5.604467070855069011e+00 -6.834629300880511182e-02 6.669204129629982880e+00
5.654342058420224859e+00 -6.913256916582372069e-02 6.755875159302705768e+00
5.704215675828912424e+00 -6.991882484568316680e-02 6.842546977605876712e+00
5.754087977068698123e+00 -7.070506088190346705e-02 6.929219553438083601e+00
5.803959013463884098e+00 -7.149127806431378185e-02 7.015892857234007352e+00
5.853828833831073553e+00 -7.227747714185801808e-02 7.102566860874555132e+00
5.903697484624423453e+00 -7.306365882518699173e-02 7.189241537602962140e+00
5.953565010071337760e+00 -7.384982378905687039e-02 7.275916861946430281e+00
6.003431452299286875e+00 -7.463597267454713524e-02 7.362592809642896974e+00
6.053296851454387451e+00 -7.542210609112037778e-02 7.449269357572571693e+00
6.103161245812333213e+00 -7.620822461853245244e-02 7.535946483693899189e+00
6.153024671882219465e+00 -7.699432880860203332e-02 7.622624166983628768e+00
6.202887164503766648e+00 -7.778041918686046108e-02 7.709302387380702726e+00
6.252748756938410146e+00 -7.856649625408243520e-02 7.795981125733690398e+00
6.302609480954675547e+00 -7.935256048771295589e-02 7.882660363751523569e+00
nan nan nan
nan nan nan
nan nan nan
nan nan nan
nan nan nan
nan nan nan
nan nan nan
nan nan nan
nan nan nan
nan nan nan
nan nan nan
nan nan nan
nan nan nan
nan nan nan
nan nan nan
nan nan nan
nan nan nan
nan nan nan
nan nan nan
nan nan nan
nan nan nan
nan nan nan
nan nan nan
nan nan nan
nan nan nan
nan nan nan
nan nan nan
nan nan nan
nan nan nan
nan nan nan
nan nan nan
nan nan nan
nan nan nan
nan nan nan
nan nan nan
nan nan nan
nan nan nan
nan nan nan
nan nan nan
nan nan nan
nan nan nan
nan nan nan
nan nan nan
nan nan nan
nan nan nan
nan nan nan
nan nan nan
nan nan nan
nan nan nan
nan nan nan
nan nan nan
nan nan nan
nan nan nan
nan nan nan
nan nan nan
nan nan nan
nan nan nan
nan nan nan
nan nan nan
nan nan nan
nan nan nan
nan nan nan
nan nan nan
nan nan nan
nan nan nan
nan nan nan
nan nan nan
nan nan nan
nan nan nan
nan nan nan
nan nan nan
nan nan nan
nan nan nan
nan nan nan
nan nan nan
nan nan nan
nan nan nan
nan nan nan
nan nan nan
nan nan nan
nan nan nan
nan nan nan
nan nan nan
nan nan nan
nan nan nan
nan nan nan
nan nan nan
nan nan nan
nan nan nan
nan nan nan
nan nan nan
nan nan nan
nan nan nan
nan nan nan
nan nan nan
nan nan nan
nan nan nan
nan nan nan
nan nan nan
nan nan nan
nan nan nan
nan nan nan
nan nan nan
nan nan nan
nan nan nan
nan nan nan
nan nan nan
nan nan nan
nan nan nan
nan nan nan
nan nan nan
nan nan nan
nan nan nan
nan nan nan
nan nan nan
nan nan nan
nan nan nan
nan nan nan
nan nan nan
nan nan nan
nan nan nan
nan nan nan
nan nan nan
nan nan nan
nan nan nan
nan nan nan
nan nan nan
nan nan nan
nan nan nan
nan nan nan
nan nan nan
nan nan nan
nan nan nan
nan nan nan
nan nan nan
nan nan nan
nan nan nan
nan nan nan
nan nan nan
nan nan nan
nan nan nan
nan nan nan
nan nan nan
nan nan nan
nan nan nan
nan nan nan
nan nan nan
nan nan nan
nan nan nan
nan nan nan
nan nan nan
nan nan nan
nan nan nan
nan nan nan
nan nan nan
nan nan nan
nan nan nan
nan nan nan
nan nan nan
nan nan nan
nan nan nan
nan nan nan
nan nan nan
nan nan nan
nan nan nan
nan nan nan
nan nan nan
nan nan nan
nan nan nan
nan nan nan
nan nan nan
nan nan nan
nan nan nan
nan nan nan
nan nan nan
nan nan nan
nan nan nan
nan nan nan
nan nan nan
nan nan nan
nan nan nan
nan nan nan
nan nan nan
nan nan nan
nan nan nan
nan nan nan
nan nan nan
nan nan nan
nan nan nan
nan nan nan
nan nan nan
nan nan nan
nan nan nan
nan nan nan
nan nan nan
nan nan nan
nan nan nan
nan nan nan
nan nan nan
nan nan nan
nan nan nan
nan nan nan
nan nan nan
nan nan nan
nan nan nan
nan nan nan
nan nan nan
nan nan nan
nan nan nan
nan nan nan
nan nan nan
nan nan nan
nan nan nan
nan nan nan
nan nan nan
nan nan nan
nan nan nan
nan nan nan
nan nan nan
nan nan nan
nan nan nan
nan nan nan
nan nan nan
nan nan nan
nan nan nan
nan nan nan
nan nan nan
nan nan nan
nan nan nan
nan nan nan
nan nan nan
nan nan nan
nan nan nan
nan nan nan
nan nan nan
nan nan nan
nan nan nan
nan nan nan
nan nan nan
nan nan nan
nan nan nan
nan nan nan
nan nan nan
nan nan nan
nan nan nan
nan nan nan
nan nan nan
nan nan nan
nan nan nan
nan nan nan
nan nan nan
nan nan nan
nan nan nan
nan nan nan
nan nan nan
nan nan nan
nan nan nan
nan nan nan
nan nan nan
nan nan nan
nan nan nan
nan nan nan
nan nan nan
nan nan nan
nan nan nan
nan nan nan
nan nan nan
nan nan nan
nan nan nan
nan nan nan
nan nan nan
nan nan nan
nan nan nan
nan nan nan
nan nan nan
nan nan nan
nan nan nan
nan nan nan
nan nan nan
nan nan nan
nan nan nan
nan nan nan
nan nan nan
nan nan nan
nan nan nan
nan nan nan
nan nan nan
nan nan nan
nan nan nan
nan nan nan
nan nan nan
nan nan nan
nan nan nan
nan nan nan
nan nan nan
nan nan nan
nan nan nan
nan nan nan
nan nan nan
nan nan nan
nan nan nan
nan nan nan
nan nan nan
nan nan nan
nan nan nan
nan nan nan
nan nan nan
nan nan nan
nan nan nan
nan nan nan
nan nan nan
nan nan nan
nan nan nan
nan nan nan
nan nan nan
nan nan nan
nan nan nan
nan nan nan
nan nan nan
nan nan nan
nan nan nan
nan nan nan
nan nan nan
nan nan nan
nan nan nan
nan nan nan
nan nan nan
nan nan nan
nan nan nan
nan nan nan
nan nan nan
nan nan nan
nan nan nan
nan nan nan
nan nan nan
nan nan nan
nan nan nan
nan nan nan
nan nan nan
nan nan nan
nan nan nan
nan nan nan
nan nan nan
nan nan nan
nan nan nan
nan nan nan
nan nan nan
nan nan nan
nan nan nan
nan nan nan
nan nan nan
nan nan nan
nan nan nan
nan nan nan
nan nan nan
nan nan nan
nan nan nan
nan nan nan
nan nan nan
nan nan nan
nan nan nan
nan nan nan
nan nan nan
nan nan nan
nan nan nan
