# X Y Z
9.898681674399782082e+00 -9.539596201231372724e-03 1.621731354921342183e-01
9.798681705768247596e+00 -9.544247362686976432e-03 1.622522054526699953e-01
9.698681737136832126e+00 -9.548898524229803772e-03 1.623312755637440208e-01
9.598681768505539225e+00 -9.553549685864077060e-03 1.624103458300817093e-01
9.498681799874372444e+00 -9.558200847594277086e-03 1.624894162566105082e-01
9.398681831243335338e+00 -9.562852009425160463e-03 1.625684868484710000e-01
9.298681862612433235e+00 -9.567503171361782174e-03 1.626475576110286425e-01
9.198681893981671465e+00 -9.572154333409519864e-03 1.627266285498863430e-01
9.098681925351053579e+00 -9.576805495574094648e-03 1.628056996708979187e-01
8.998681956720584907e+00 -9.581456657861602347e-03 1.628847709801824473e-01
8.898681988090270778e+00 -9.586107820278544703e-03 1.629638424841397260e-01
8.798682019460114745e+00 -9.590758982831857141e-03 1.630429141894667033e-01
8.698682050830123913e+00 -9.595410145528946930e-03 1.631219861031751872e-01
8.598682082200303611e+00 -9.600061308377733083e-03 1.632010582326109127e-01
8.498682113570659169e+00 -9.604712471386689723e-03 1.632801305854738594e-01
8.398682144941197691e+00 -9.609363634564896395e-03 1.633592031698402058e-01
8.298682176311926284e+00 -9.614014797922086630e-03 1.634382759941860608e-01
8.198682207682852052e+00 -9.618665961468706935e-03 1.635173490674128871e-01
8.098682239053982101e+00 -9.623317125215986173e-03 1.635964223988749799e-01
7.998682270425324425e+00 -9.627968289176001490e-03 1.636754959984091928e-01
7.898682301796887018e+00 -9.632619453361761577e-03 1.637545698763670510e-01
7.798682333168678760e+00 -9.637270617787296878e-03 1.638336440436495012e-01
7.698682364540707646e+00 -9.641921782467753263e-03 1.639127185117446317e-01
7.598682395912983445e+00 -9.646572947419506522e-03 1.639917932927686117e-01
7.498682427285516816e+00 -9.651224112660285528e-03 1.640708683995101558e-01
7.398682458658318417e+00 -9.655875278209309284e-03 1.641499438454789572e-01
7.298682490031399794e+00 -9.660526444087444778e-03 1.642290196449584516e-01
7.198682521404773382e+00 -9.665177610317378723e-03 1.643080958130634650e-01
7.098682552778451615e+00 -9.669828776923818786e-03 1.643871723658032191e-01
6.998682584152446928e+00 -9.674479943933717366e-03 1.644662493201502762e-01
6.898682615526773532e+00 -9.679131111376521393e-03 1.645453266941162840e-01
6.798682646901447413e+00 -9.683782279284463765e-03 1.646244045068351591e-01
6.698682678276484559e+00 -9.688433447692889472e-03 1.647034827786545974e-01
6.598682709651901845e+00 -9.693084616640632034e-03 1.647825615312371872e-01
6.498682741027717924e+00 -9.697735786170441977e-03 1.648616407876719869e-01
6.398682772403952335e+00 -9.702386956329476023e-03 1.649407205725982040e-01
6.298682803780625505e+00 -9.707038127169864347e-03 1.650198009123425291e-01
6.198682835157759641e+00 -9.711689298749368038e-03 1.650988818350717924e-01
6.098682866535378722e+00 -9.716340471132137169e-03 1.651779633709632988e-01
5.998682897913508505e+00 -9.720991644389586836e-03 1.652570455523952875e-01
5.898682929292175636e+00 -9.725642818601425849e-03 1.653361284141603715e-01
5.798682960671410314e+00 -9.730293993856857157e-03 1.654152119937054854e-01
5.698682992051245400e+00 -9.734945170255986449e-03 1.654942963314024740e-01
5.598683023431714645e+00 -9.739596347911477076e-03 1.655733814708539586e-01
5.498683054812855353e+00 -9.744247526950512023e-03 1.656524674592403934e-01
5.398683086194707492e+00 -9.748898707517120177e-03 1.657315543477150821e-01
5.298683117577315471e+00 -9.753549889774944942e-03 1.658106421918553730e-01
5.198683148960727252e+00 -9.758201073910561033e-03 1.658897310521800506e-01
5.098683180344994348e+00 -9.762852260137452193e-03 1.659688209947448867e-01
4.998683211730174492e+00 -9.767503448700814647e-03 1.660479120918309792e-01
4.898683243116330743e+00 -9.772154639883378832e-03 1.661270044227437515e-01
4.798683274503532381e+00 -9.776805834012495741e-03 1.662060980747447625e-01
4.698683305891855788e+00 -9.781457031468812277e-03 1.662851931441435838e-01
4.598683337281384453e+00 -9.786108232696939802e-03 1.663642897375837149e-01
4.498683368672212524e+00 -9.790759438218643237e-03 1.664433879735650879e-01
4.398683400064444804e+00 -9.795410648649241145e-03 1.665224879842567562e-01
4.298683431458197646e+00 -9.800061864718110152e-03 1.666015899176678805e-01
4.198683462853603388e+00 -9.804713087294471621e-03 1.666806939402638021e-01
4.098683494250811243e+00 -9.809364317420018325e-03 1.667598002401390889e-01
3.998683525649989967e+00 -9.814015556350474956e-03 1.668389090308923239e-01
3.898683557051332738e+00 -9.818666805608880152e-03 1.669180205563917940e-01
3.798683588455061155e+00 -9.823318067054368288e-03 1.669971350966809598e-01
3.698683619861431460e+00 -9.827969342971623959e-03 1.670762529753541670e-01
3.598683651270742079e+00 -9.832620636188095509e-03 1.671553745688449111e-01
3.498683682683342067e+00 -9.837271950228813899e-03 1.672345003182240386e-01
3.398683714099643538e+00 -9.841923289522601023e-03 1.673136307443228443e-01
3.298683745520137656e+00 -9.846574659679132799e-03 1.673927664673033333e-01
3.198683776945415058e+00 -9.851226067864661193e-03 1.674719082322376207e-01
3.098683808376192061e+00 -9.855877523316501979e-03 1.675510569428941832e-01
2.998683839813346630e+00 -9.860529038054812595e-03 1.676302137068587939e-01
2.898683871257966338e+00 -9.865180627878063213e-03 1.677093798964962856e-01
2.798683902711414984e+00 -9.869832313771443114e-03 1.677885572323290497e-01
2.698683934175424959e+00 -9.874484123924123780e-03 1.678677478985595717e-01
2.598683965652225591e+00 -9.879136096656689764e-03 1.679469547053372147e-01
2.498683997144727442e+00 -9.883788284729595058e-03 1.680261813200263910e-01
2.398684028656789202e+00 -9.888440761781058450e-03 1.681054326019784106e-01
2.298684060193610268e+00 -9.893093632106289559e-03 1.681847150952701653e-01
2.198684091762320492e+00 -9.897747045782199354e-03 1.682640377671079657e-01
2.098684123372883015e+00 -9.902401222530906807e-03 1.683434131362640529e-01
1.998684155039508026e+00 -9.907056490227649295e-03 1.684228590352195298e-01
1.898684186782922723e+00 -9.911713348676375046e-03 1.685024014294598249e-01
1.888684189962259286e+00 -9.912179141019508699e-03 1.685103619417774867e-01
1.878684193142691639e+00 -9.912644957493277342e-03 1.685183238293074537e-01
1.868684196324259306e+00 -9.913110799113125648e-03 1.685262871412764041e-01
1.858684199507003587e+00 -9.913576666943898011e-03 1.685342519290658758e-01
1.848684202690967560e+00 -9.914042562102595019e-03 1.685422182463223451e-01
1.838684205876196076e+00 -9.914508485761299936e-03 1.685501861490737718e-01
1.828684209062735988e+00 -9.914974439150302937e-03 1.685581556958530847e-01
1.818684212250636367e+00 -9.915440423561428310e-03 1.685661269478290480e-01
1.808684215439948728e+00 -9.915906440351578491e-03 1.685740999689450403e-01
1.798684218630726805e+00 -9.916372490946512297e-03 1.685820748260662416e-01
1.788684221823026554e+00 -9.916838576844881625e-03 1.685900515891358420e-01
1.778684225016906817e+00 -9.917304699622543976e-03 1.685980303313409923e-01
1.768684228212429321e+00 -9.917770860937166408e-03 1.686060111292891073e-01
1.758684231409658683e+00 -9.918237062533155624e-03 1.686139940631953549e-01
1.748684234608662624e+00 -9.918703306246928059e-03 1.686219792170820242e-01
1.738684237809511979e+00 -9.919169594012558142e-03 1.686299666789908558e-01
1.728684241012280909e+00 -9.919635927867837683e-03 1.686379565412091386e-01
1.718684244217047352e+00 -9.920102309960772413e-03 1.686459489005106838e-01
1.708684247423893465e+00 -9.920568742556560779e-03 1.686539438584129802e-01
1.698684250632905179e+00 -9.921035228045089679e-03 1.686619415214515028e-01
1.688684253844172645e+00 -9.921501768949002667e-03 1.686699420014727835e-01
1.678684257057791118e+00 -9.921968367932387442e-03 1.686779454159477443e-01
1.668684260273860298e+00 -9.922435027810139890e-03 1.686859518883067899e-01
1.658684263492484989e+00 -9.922901751558067113e-03 1.686939615482986599e-01
1.648684266713775992e+00 -9.923368542323795366e-03 1.687019745323749820e-01
1.638684269937849658e+00 -9.923835403438569652e-03 1.687099909841026368e-01
1.628684273164828333e+00 -9.924302338430026488e-03 1.687180110546064593e-01
1.618684276394841248e+00 -9.924769351036031792e-03 1.687260349030449968e-01
1.608684279628024738e+00 -9.925236445219701859e-03 1.687340626971221835e-01
1.598684282864522466e+00 -9.925703625185716694e-03 1.687420946136382605e-01
1.588684286104486310e+00 -9.926170895398066241e-03 1.687501308390835786e-01
1.578684289348076586e+00 -9.926638260599385602e-03 1.687581715702793916e-01
1.568684292595462715e+00 -9.927105725832040609e-03 1.687662170150700525e-01
1.558684295846824108e+00 -9.927573296461154537e-03 1.687742673930716086e-01
1.548684299102350392e+00 -9.928040978199801497e-03 1.687823229364826538e-01
1.538684302362242518e+00 -9.928508777136605887e-03 1.687903838909634024e-01
1.528684305626713646e+00 -9.928976699766015046e-03 1.687984505165901761e-01
1.518684308895989599e+00 -9.929444753021576461e-03 1.688065230888932400e-01
1.508684312170310182e+00 -9.929912944312561246e-03 1.688146018999867881e-01
1.498684315449930304e+00 -9.930381281564331156e-03 1.688226872598011241e-01
1.488684318735121082e+00 -9.930849773262927921e-03 1.688307794974283071e-01
1.478684322026170950e+00 -9.931318428504393170e-03 1.688388789625941966e-01
1.468684325323386997e+00 -9.931787257049427831e-03 1.688469860272711343e-01
1.458684328627096960e+00 -9.932256269384074493e-03 1.688551010874479175e-01
1.448684331937650560e+00 -9.932725476787198152e-03 1.688632245650756869e-01
1.438684335255421498e+00 -9.933194891405686469e-03 1.688713569102110179e-01
1.428684338580809454e+00 -9.933664526338401718e-03 1.688794986033805845e-01
1.418684341914242530e+00 -9.934134395730076159e-03 1.688876501581951239e-01
1.408684345256179693e+00 -9.934604514876538631e-03 1.688958121242447874e-01
1.398684348607113659e+00 -9.935074900342866569e-03 1.689039850903122919e-01
1.388684351967574448e+00 -9.935545570096314394e-03 1.689121696879459511e-01
1.378684355338132494e+00 -9.936016543656172803e-03 1.689203665954412681e-01
1.368684358719402860e+00 -9.936487842263036149e-03 1.689285765422869900e-01
1.358684362112049682e+00 -9.936959489070393975e-03 1.689368003141403229e-01
1.348684365516791495e+00 -9.937431509361919005e-03 1.689450387584064961e-01
1.338684368934406788e+00 -9.937903930798403299e-03 1.689532927905098292e-01
1.328684372365740440e+00 -9.938376783698962130e-03 1.689615634009575262e-01
1.318684375811711273e+00 -9.938850101361914463e-03 1.689698516633142966e-01
1.308684379273320486e+00 -9.939323920431675230e-03 1.689781587432258314e-01
1.298684382751661426e+00 -9.939798281319123935e-03 1.689864859086521731e-01
1.288684386247930469e+00 -9.940273228684242887e-03 1.689948345414998276e-01
1.278684389763439455e+00 -9.940748811991329328e-03 1.690032061508744965e-01
1.268684393299630120e+00 -9.941225086149030332e-03 1.690116023882149154e-01
1.258684396858091636e+00 -9.941702112249642051e-03 1.690200250646148594e-01
1.248684400440579711e+00 -9.942179958424784622e-03 1.690284761706957462e-01
1.238684404049038790e+00 -9.942658700837766345e-03 1.690369578994580235e-01
1.228684407685628921e+00 -9.943138424836775804e-03 1.690454726726187684e-01
1.218684411352756403e+00 -9.943619226297635907e-03 1.690540231710373487e-01
1.208684415053109751e+00 -9.944101213190373670e-03 1.690626123699443539e-01
1.198684418789702333e+00 -9.944584507410578200e-03 1.690712435798257807e-01
1.188684422565922105e+00 -9.945069246924433115e-03 1.690799204939783806e-01
1.178684426385591344e+00 -9.945555588286176738e-03 1.690886472439503685e-01
1.168684430253037254e+00 -9.946043709598390362e-03 1.690974284643214365e-01
1.158684434173176347e+00 -9.946533813999822865e-03 1.691062693685652374e-01
1.148684438151615250e+00 -9.947026133782852289e-03 1.691151758380896319e-01
1.138684442194772162e+00 -9.947520935263643935e-03 1.691241545269769331e-01
1.128684446310024292e+00 -9.948018524553950068e-03 1.691332129854661581e-01
1.118684450505885941e+00 -9.948519254414804613e-03 1.691423598058538202e-01
1.108684454792226770e+00 -9.949023532410847595e-03 1.691516047952643098e-01
1.098684459180538919e+00 -9.949531830631352936e-03 1.691609591806902124e-01
1.088684463684266079e+00 -9.950044697301740557e-03 1.691704358528671737e-01
1.087684464141430718e+00 -9.950096253267110696e-03 1.691713906673587287e-01
1.086684464599920963e+00 -9.950147861859912762e-03 1.691723468663371699e-01
1.085684465059754356e+00 -9.950199523782591801e-03 1.691733044660363172e-01
1.084684465520948660e+00 -9.950251239748563251e-03 1.691742634829264125e-01
1.083684465983521861e+00 -9.950303010482402025e-03 1.691752239337181163e-01
1.082684466447492611e+00 -9.950354836720035068e-03 1.691761858353664771e-01
1.081684466912879561e+00 -9.950406719208937378e-03 1.691771492050750114e-01
1.080684467379701585e+00 -9.950458658708334972e-03 1.691781140602998945e-01
1.079684467847978224e+00 -9.950510655989409578e-03 1.691790804187541797e-01
1.078684468317729239e+00 -9.950562711835501603e-03 1.691800482984121001e-01
1.077684468788974392e+00 -9.950614827042326971e-03 1.691810177175134822e-01
1.076684469261734112e+00 -9.950667002418190493e-03 1.691819886945681861e-01
1.075684469736029270e+00 -9.950719238784204446e-03 1.691829612483606859e-01
1.074684470211880960e+00 -9.950771536974515816e-03 1.691839353979547322e-01
1.073684470689310722e+00 -9.950823897836531817e-03 1.691849111626980429e-01
1.072684471168340314e+00 -9.950876322231152343e-03 1.691858885622271325e-01
1.071684471648991943e+00 -9.950928811033009358e-03 1.691868676164721697e-01
1.070684472131288256e+00 -9.950981365130704553e-03 1.691878483456620008e-01
1.069684472615252346e+00 -9.951033985427057416e-03 1.691888307703292849e-01
1.068684473100907528e+00 -9.951086672839355024e-03 1.691898149113156002e-01
1.067684473588277561e+00 -9.951139428299607056e-03 1.691908007897767463e-01
1.066684474077387090e+00 -9.951192252754807732e-03 1.691917884271881001e-01
1.065684474568260764e+00 -9.951245147167196020e-03 1.691927778453501119e-01
1.064684475060923452e+00 -9.951298112514527991e-03 1.691937690663938565e-01
1.063684475555400910e+00 -9.951351149790354372e-03 1.691947621127867230e-01
1.062684476051719340e+00 -9.951404260004299840e-03 1.691957570073382155e-01
1.061684476549905165e+00 -9.951457444182344042e-03 1.691967537732058102e-01
1.060684477049985475e+00 -9.951510703367118238e-03 1.691977524339010053e-01
1.059684477551988024e+00 -9.951564038618200200e-03 1.691987530132953721e-01
1.058684478055940792e+00 -9.951617451012414323e-03 1.691997555356268279e-01
1.057684478561872199e+00 -9.951670941644142135e-03 1.692007600255059918e-01
1.056684479069811333e+00 -9.951724511625636288e-03 1.692017665079226518e-01
1.055684479579787727e+00 -9.951778162087339744e-03 1.692027750082523152e-01
1.054684480091831578e+00 -9.951831894178210167e-03 1.692037855522629253e-01
1.053684480605973750e+00 -9.951885709066056462e-03 1.692047981661217448e-01
1.052684481122245552e+00 -9.951939607937873578e-03 1.692058128764022951e-01
1.051684481640678737e+00 -9.951993592000189445e-03 1.692068297100914609e-01
1.050684482161305944e+00 -9.952047662479417134e-03 1.692078486945967353e-01
1.049684482684160480e+00 -9.952101820622212200e-03 1.692088698577535744e-01
1.048684483209275875e+00 -9.952156067695840450e-03 1.692098932278329193e-01
1.047684483736686545e+00 -9.952210404988549169e-03 1.692109188335488845e-01
1.046684484266427573e+00 -9.952264833809947031e-03 1.692119467040665015e-01
1.045684484798534708e+00 -9.952319355491390934e-03 1.692129768690096570e-01
1.044684485333044366e+00 -9.952373971386383258e-03 1.692140093584692806e-01
1.043684485869993628e+00 -9.952428682870972584e-03 1.692150442030115887e-01
1.042684486409420241e+00 -9.952483491344163088e-03 1.692160814336864105e-01
1.041684486951362842e+00 -9.952538398228332611e-03 1.692171210820358207e-01
1.040684487495860955e+00 -9.952593404969661134e-03 1.692181631801029373e-01
1.039684488042954547e+00 -9.952648513038566194e-03 1.692192077604407485e-01
1.038684488592684474e+00 -9.952703723930143506e-03 1.692202548561211883e-01
1.037684489145092259e+00 -9.952759039164617988e-03 1.692213045007444627e-01
1.036684489700220535e+00 -9.952814460287808668e-03 1.692223567284484587e-01
1.035684490258112822e+00 -9.952869988871597060e-03 1.692234115739183198e-01
1.034684490818813085e+00 -9.952925626514402477e-03 1.692244690723962997e-01
1.033684491382366621e+00 -9.952981374841676429e-03 1.692255292596917537e-01
1.032684491948819394e+00 -9.953037235506397018e-03 1.692265921721912703e-01
1.031684492518218255e+00 -9.953093210189575477e-03 1.692276578468691062e-01
1.030684493090611165e+00 -9.953149300600778321e-03 1.692287263212977622e-01
1.029684493666046974e+00 -9.953205508478652971e-03 1.692297976336587517e-01
1.028684494244575642e+00 -9.953261835591463783e-03 1.692308718227536479e-01
1.027684494826248018e+00 -9.953318283737643685e-03 1.692319489280152689e-01
1.026684495411115838e+00 -9.953374854746356235e-03 1.692330289895191131e-01
1.025684495999232171e+00 -9.953431550478066339e-03 1.692341120479950167e-01
1.024684496590651195e+00 -9.953488372825119654e-03 1.692351981448390608e-01
1.023684497185427977e+00 -9.953545323712339327e-03 1.692362873221257002e-01
1.022684497783618918e+00 -9.953602405097631417e-03 1.692373796226200877e-01
1.021684498385281303e+00 -9.953659618972598988e-03 1.692384750897907020e-01
1.020684498990473976e+00 -9.953716967363177015e-03 1.692395737678221990e-01
1.019684499599256888e+00 -9.953774452330275968e-03 1.692406757016285124e-01
1.018684500211691102e+00 -9.953832075970435803e-03 1.692417809368661763e-01
1.017684500827839233e+00 -9.953889840416493828e-03 1.692428895199480088e-01
1.016684501447765232e+00 -9.953947747838266455e-03 1.692440014980569896e-01
1.015684502071534157e+00 -9.954005800443246552e-03 1.692451169191604154e-01
1.014684502699212398e+00 -9.954064000477316418e-03 1.692462358320243609e-01
1.013684503330868125e+00 -9.954122350225467694e-03 1.692473582862284165e-01
1.012684503966570837e+00 -9.954180852012542088e-03 1.692484843321807597e-01
1.011684504606391588e+00 -9.954239508203985981e-03 1.692496140211334210e-01
1.010684505250402765e+00 -9.954298321206617173e-03 1.692507474051979655e-01
1.009684505898678308e+00 -9.954357293469410714e-03 1.692518845373614522e-01
1.008684506551294158e+00 -9.954416427484298613e-03 1.692530254715026439e-01
1.007684507208327584e+00 -9.954475725786986889e-03 1.692541702624086319e-01
1.006684507869857415e+00 -9.954535190957788243e-03 1.692553189657917956e-01
1.005684508535964694e+00 -9.954594825622473803e-03 1.692564716383070100e-01
1.004684509206732024e+00 -9.954654632453138752e-03 1.692576283375693269e-01
1.003684509882243781e+00 -9.954714614169088774e-03 1.692587891221719043e-01
1.002684510562586340e+00 -9.954774773537742108e-03 1.692599540517042978e-01
1.001684511247847853e+00 -9.954835113375550687e-03 1.692611231867712507e-01
1.000684511946501321e+00 -9.954896059616902965e-03 1.692623036556012706e-01
9.996845127157895083e-01 -9.954960420154852427e-03 1.692635414405635197e-01
9.986845137096141967e-01 -9.955034502974422286e-03 1.692649444368886646e-01
9.976845152404401063e-01 -9.955127982078659094e-03 1.692666785002252539e-01
9.966845179949802569e-01 -9.955255581902607356e-03 1.692689932067576175e-01
9.956845237054483544e-01 -9.955441918823531786e-03 1.692723074611220957e-01
9.946845371255227386e-01 -9.955730415072866143e-03 1.692773601928453386e-01
9.936845722540188497e-01 -9.956199851671997461e-03 1.692854920421509035e-01
9.926846741026121856e-01 -9.957000530028483481e-03 1.692992607304688590e-01
9.926846741026121856e-01 -9.957000530028483481e-03 1.692992607304688590e-01
9.923053316184434758e-01 -9.957435251456599190e-03 1.693067128857085324e-01
9.916906889370840084e-01 -9.958407027239430179e-03 1.693233379876658562e-01
9.916906889370840084e-01 -9.958407027239430179e-03 1.693233379876658562e-01
9.915038837921928971e-01 -9.958783429530089146e-03 1.693297701167290337e-01
9.911652872977538831e-01 -9.959609501127956316e-03 1.693438761660197023e-01
9.911652872977538831e-01 -9.959609501127956316e-03 1.693438761660197023e-01
9.910412803579982111e-01 -9.959965647257231630e-03 1.693499545904694481e-01
9.908087585177052237e-01 -9.960737027477312849e-03 1.693631147384004332e-01
9.908087585177052237e-01 -9.960737027477312849e-03 1.693631147384004332e-01
9.907213409738718779e-01 -9.961066333673041645e-03 1.693687311757500202e-01
9.907213409738718779e-01 -9.961066333673041645e-03 1.693687311757500202e-01
9.906378933928327024e-01 -9.961404791133587552e-03 1.693745027742524223e-01
9.906378933928327024e-01 -9.961404791133587552e-03 1.693745027742524223e-01
9.905627092464374117e-01 -9.961732103933335081e-03 1.693800835362987978e-01
9.905627092464374117e-01 -9.961732103933335081e-03 1.693800835362987978e-01
9.904944465493483730e-01 -9.962049617446655167e-03 1.693854965488670872e-01
9.904944465493483730e-01 -9.962049617446655167e-03 1.693854965488670872e-01
9.904322063193400361e-01 -9.962357697211810664e-03 1.693907481612636212e-01
9.904322063193400361e-01 -9.962357697211810664e-03 1.693907481612636212e-01
9.903752348291730012e-01 -9.962656736120100928e-03 1.693958451674562049e-01
9.903752348291730012e-01 -9.962656736120100928e-03 1.693958451674562049e-01
9.903229010076377570e-01 -9.962947111776539189e-03 1.694007940837043702e-01
9.903229010076377570e-01 -9.962947111776539189e-03 1.694007940837043702e-01
9.902746718048355268e-01 -9.963229186897197900e-03 1.694056011588512267e-01
9.902746718048355268e-01 -9.963229186897197900e-03 1.694056011588512267e-01
9.902300935643362223e-01 -9.963503308741832737e-03 1.694102723673372168e-01
9.902300935643362223e-01 -9.963503308741832737e-03 1.694102723673372168e-01
9.901887775478361853e-01 -9.963769809000704025e-03 1.694148134093483860e-01
9.901887775478361853e-01 -9.963769809000704025e-03 1.694148134093483860e-01
9.901503885627410684e-01 -9.964029003958605260e-03 1.694192297152391780e-01
9.901503885627410684e-01 -9.964029003958605260e-03 1.694192297152391780e-01
9.901146359335392111e-01 -9.964281194846498491e-03 1.694235264528087814e-01
9.901146359335392111e-01 -9.964281194846498491e-03 1.694235264528087814e-01
9.900812662649037810e-01 -9.964526668318134800e-03 1.694277085364475632e-01
9.900812662649037810e-01 -9.964526668318134800e-03 1.694277085364475632e-01
9.900500575900667011e-01 -9.964765697004602032e-03 1.694317806374148194e-01
9.900500575900667011e-01 -9.964765697004602032e-03 1.694317806374148194e-01
9.900208146010505139e-01 -9.964998540114350031e-03 1.694357471947331994e-01
9.900208146010505139e-01 -9.964998540114350031e-03 1.694357471947331994e-01
9.899933647317834540e-01 -9.965225444054993595e-03 1.694396124263297942e-01
9.899933647317834540e-01 -9.965225444054993595e-03 1.694396124263297942e-01
9.899675549193395208e-01 -9.965446643060623180e-03 1.694433803401758365e-01
9.899675549193395208e-01 -9.965446643060623180e-03 1.694433803401758365e-01
9.899432489088586529e-01 -9.965662359812046608e-03 1.694470547452282261e-01
9.899432489088586529e-01 -9.965662359812046608e-03 1.694470547452282261e-01
9.899203249974173335e-01 -9.965872806042958693e-03 1.694506392620681035e-01
9.899203249974173335e-01 -9.965872806042958693e-03 1.694506392620681035e-01
9.898986741349016238e-01 -9.966078183126107770e-03 1.694541373331476253e-01
9.898986741349016238e-01 -9.966078183126107770e-03 1.694541373331476253e-01
9.898781983170513721e-01 -9.966278682636227348e-03 1.694575522326001171e-01
9.898781983170513721e-01 -9.966278682636227348e-03 1.694575522326001171e-01
9.898588092190779841e-01 -9.966474486887894058e-03 1.694608870755886232e-01
9.898588092190779841e-01 -9.966474486887894058e-03 1.694608870755886232e-01
9.898404270285650064e-01 -9.966665769446712494e-03 1.694641448271723971e-01
9.898404270285650064e-01 -9.966665769446712494e-03 1.694641448271723971e-01
9.898229794442162666e-01 -9.966852695614357785e-03 1.694673283107044348e-01
9.898229794442162666e-01 -9.966852695614357785e-03 1.694673283107044348e-01
9.898064008134597191e-01 -9.967035422886905138e-03 1.694704402157543310e-01
9.898064008134597191e-01 -9.967035422886905138e-03 1.694704402157543310e-01
9.897906313867249617e-01 -9.967214101387783867e-03 1.694734831055834112e-01
9.897906313867249617e-01 -9.967214101387783867e-03 1.694734831055834112e-01
9.897756166702927905e-01 -9.967388874275930066e-03 1.694764594241827682e-01
9.897756166702927905e-01 -9.967388874275930066e-03 1.694764594241827682e-01
9.897613068627695299e-01 -9.967559878129856124e-03 1.694793715028898307e-01
9.897613068627695299e-01 -9.967559878129856124e-03 1.694793715028898307e-01
9.897476563627449764e-01 -9.967727243309099441e-03 1.694822215666098308e-01
9.897476563627449764e-01 -9.967727243309099441e-03 1.694822215666098308e-01
9.897346233373128799e-01 -9.967891094294091189e-03 1.694850117396614064e-01
9.897346233373128799e-01 -9.967891094294091189e-03 1.694850117396614064e-01
9.897221693428203126e-01 -9.968051550005480738e-03 1.694877440512647104e-01
9.897221693428203126e-01 -9.968051550005480738e-03 1.694877440512647104e-01
9.897102589905462100e-01 -9.968208724104544657e-03 1.694904204407017001e-01
9.897102589905462100e-01 -9.968208724104544657e-03 1.694904204407017001e-01
9.896988596512458214e-01 -9.968362725275072347e-03 1.694930427621554880e-01
9.896988596512458214e-01 -9.968362725275072347e-03 1.694930427621554880e-01
9.896879411933310333e-01 -9.968513657488419638e-03 1.694956127892582043e-01
9.896879411933310333e-01 -9.968513657488419638e-03 1.694956127892582043e-01
9.896774757503020714e-01 -9.968661620252530081e-03 1.694981322193620799e-01
9.896774757503020714e-01 -9.968661620252530081e-03 1.694981322193620799e-01
9.896674375136783608e-01 -9.968806708845884962e-03 1.695006026775504049e-01
9.896674375136783608e-01 -9.968806708845884962e-03 1.695006026775504049e-01
9.895675473264046174e-01 -1.000296022235514989e-02 1.700818184246128406e-01
9.895840941788421885e-01 -1.000359537285881902e-02 1.700926246158927235e-01
9.895840941788421885e-01 -1.000359537285881902e-02 1.700926246158927235e-01
9.895932561430690333e-01 -1.000394153124654906e-02 1.700985139927134737e-01
9.896115630954355202e-01 -1.000462245009514639e-02 1.701100987865633851e-01
9.896115630954355202e-01 -1.000462245009514639e-02 1.701100987865633851e-01
9.896219758583782999e-01 -1.000500368502659984e-02 1.701165848930832336e-01
9.896427645294111342e-01 -1.000575283756216516e-02 1.701293304861189182e-01
9.896427645294111342e-01 -1.000575283756216516e-02 1.701293304861189182e-01
9.896546723523892419e-01 -1.000617515840103618e-02 1.701365155506297799e-01
9.896784227010057000e-01 -1.000700407953850068e-02 1.701506181674687090e-01
9.896784227010057000e-01 -1.000700407953850068e-02 1.701506181674687090e-01
9.896921322097063101e-01 -1.000747488730366862e-02 1.701586280915738381e-01
9.897194449200583666e-01 -1.000839773399767561e-02 1.701743285596329647e-01
9.897194449200583666e-01 -1.000839773399767561e-02 1.701743285596329647e-01
9.897353490178288915e-01 -1.000892637101588427e-02 1.701833222684377145e-01
9.897669911051512059e-01 -1.000996094210175082e-02 1.702009233663663024e-01
9.897669911051512059e-01 -1.000996094210175082e-02 1.702009233663663024e-01
9.897856013366621575e-01 -1.001055939416006096e-02 1.702111047525983745e-01
9.898225671857593388e-01 -1.001172841533924662e-02 1.702309930685445005e-01
9.898225671857593388e-01 -1.001172841533924662e-02 1.702309930685445005e-01
9.898445619020435071e-01 -1.001241234966876795e-02 1.702426286493565755e-01
9.898881632525596830e-01 -1.001374535406071749e-02 1.702653065700334978e-01
9.898881632525596830e-01 -1.001374535406071749e-02 1.702653065700334978e-01
9.899144615372197364e-01 -1.001453570312496773e-02 1.702787524282521059e-01
9.899664639978807967e-01 -1.001607186571181266e-02 1.703048863540473079e-01
9.899664639978807967e-01 -1.001607186571181266e-02 1.703048863540473079e-01
9.899983432418145712e-01 -1.001699733239765772e-02 1.703206307529743779e-01
9.900611802461992683e-01 -1.001878988544141827e-02 1.703511262058735043e-01
9.900611802461992683e-01 -1.001878988544141827e-02 1.703511262058735043e-01
9.901004712179237721e-01 -1.001989107859314367e-02 1.703698599370546407e-01
9.901775923616231712e-01 -1.002201445963929981e-02 1.704059831506232470e-01
9.901775923616231712e-01 -1.002201445963929981e-02 1.704059831506232470e-01
9.902270197776706917e-01 -1.002335108089685844e-02 1.704287217858083125e-01
9.903234839421861668e-01 -1.002591303984508297e-02 1.704723056501537271e-01
9.903234839421861668e-01 -1.002591303984508297e-02 1.704723056501537271e-01
9.903872994002961283e-01 -1.002757718332617475e-02 1.705006157756029095e-01
9.905108397000177423e-01 -1.003074041378421849e-02 1.705544277925400976e-01
9.905108397000177423e-01 -1.003074041378421849e-02 1.705544277925400976e-01
9.905960934417787911e-01 -1.003288318439911515e-02 1.705908797993002657e-01
9.907591526155978823e-01 -1.003690647499505366e-02 1.706593220759328178e-01
9.907591526155978823e-01 -1.003690647499505366e-02 1.706593220759328178e-01
9.908785167474840616e-01 -1.003979686255057450e-02 1.707084916350072867e-01
9.911024247010972177e-01 -1.004511917502191182e-02 1.707990310692375502e-01
9.911024247010972177e-01 -1.004511917502191182e-02 1.707990310692375502e-01
9.912813345308261193e-01 -1.004929246629974147e-02 1.708700236847984499e-01
9.916055036770293762e-01 -1.005671709581543172e-02 1.709963245636652029e-01
9.921426657855607623e-01 -1.006873459569046503e-02 1.712007532874912363e-01
9.929104661784001751e-01 -1.008550646614851318e-02 1.714860556294523219e-01
9.938190816935784655e-01 -1.010498377192057921e-02 1.718173770641778508e-01
9.947586936015332393e-01 -1.012488461684490047e-02 1.721559015604747778e-01
9.957000582851247561e-01 -1.014468443008147321e-02 1.724927065165643980e-01
9.966418507636123358e-01 -1.016441432216271153e-02 1.728283215403400574e-01
9.975838894582540473e-01 -1.018410372038558963e-02 1.731632474316899539e-01
9.985260710245639215e-01 -1.020376959562415038e-02 1.734977726549475352e-01
9.994683297094327790e-01 -1.022342272934779160e-02 1.738320813740688309e-01
1.000410620303872733e+00 -1.024307049718800947e-02 1.741663004644665447e-01
1.001352918439430528e+00 -1.026271692752360985e-02 1.745004983721472336e-01
1.002295217247820114e+00 -1.028236318002691101e-02 1.748346943931722575e-01
1.003237516716700695e+00 -1.030200925748249625e-02 1.751688885621625058e-01
1.004179816833962180e+00 -1.032165516262618758e-02 1.755030809130911917e-01
1.005122117587720965e+00 -1.034130089814596677e-02 1.758372714792965363e-01
1.006064418966315488e+00 -1.036094646668287746e-02 1.761714602934941476e-01
1.007006720958302015e+00 -1.038059187083191504e-02 1.765056473877891496e-01
1.007949023552449974e+00 -1.040023711314289404e-02 1.768398327936881176e-01
1.008891326737738181e+00 -1.041988219612130159e-02 1.771740165421107627e-01
1.009833630503350621e+00 -1.043952712222913012e-02 1.775081986634013398e-01
1.010775934838672230e+00 -1.045917189388569264e-02 1.778423791873398330e-01
1.011718239733285563e+00 -1.047881651346842767e-02 1.781765581431529188e-01
1.012660545176966576e+00 -1.049846098331368334e-02 1.785107355595247081e-01
1.013602851159680851e+00 -1.051810530571748586e-02 1.788449114646072646e-01
1.014545157671579823e+00 -1.053774948293629589e-02 1.791790858860309033e-01
1.015487464702997222e+00 -1.055739351718774401e-02 1.795132588509142646e-01
1.016429772244445973e+00 -1.057703741065135414e-02 1.798474303858742518e-01
1.017372080286614411e+00 -1.059668116546925824e-02 1.801816005170357171e-01
1.018314388820362959e+00 -1.061632478374689020e-02 1.805157692700408989e-01
1.019256697836720571e+00 -1.063596826755366584e-02 1.808499366700587752e-01
1.020199007326881624e+00 -1.065561161892365251e-02 1.811841027417941674e-01
1.021141317282202809e+00 -1.067525483985622484e-02 1.815182675094966225e-01
1.022083627694200025e+00 -1.069489793231670656e-02 1.818524309969692110e-01
1.023025938554545267e+00 -1.071454089823700023e-02 1.821865932275771316e-01
1.023968249855063517e+00 -1.073418373951620652e-02 1.825207542242560377e-01
1.024910561587730307e+00 -1.075382645802122443e-02 1.828549140095202530e-01
1.025852873744668159e+00 -1.077346905558734629e-02 1.831890726054709040e-01
1.026795186318143926e+00 -1.079311153401884063e-02 1.835232300338038303e-01
1.027737499300566570e+00 -1.081275389508952120e-02 1.838573863158172450e-01
1.028679812684483830e+00 -1.083239614054330724e-02 1.841915414724193678e-01
1.029622126462579557e+00 -1.085203827209476994e-02 1.845256955241358632e-01
1.030564440627671718e+00 -1.087168029142966848e-02 1.848598484911171402e-01
1.031506755172709511e+00 -1.089132220020547735e-02 1.851940003931454859e-01
1.032449070090770915e+00 -1.091096400005190509e-02 1.855281512496420593e-01
1.033391385375059812e+00 -1.093060569257139902e-02 1.858623010796737474e-01
1.034333701018903984e+00 -1.095024727933964145e-02 1.861964499019598818e-01
1.035276017015753114e+00 -1.096988876190603535e-02 1.865305977348788724e-01
1.036218333359175903e+00 -1.098953014179418312e-02 1.868647445964746190e-01
1.037160650042857846e+00 -1.100917142050235678e-02 1.871988905044628393e-01
1.038102967060599235e+00 -1.102881259950395237e-02 1.875330354762372864e-01
1.039045284406313163e+00 -1.104845368024794452e-02 1.878671795288758828e-01
1.039987602074023076e+00 -1.106809466415932530e-02 1.882013226791466043e-01
1.040929920057860558e+00 -1.108773555263953617e-02 1.885354649435133367e-01
1.041872238352063773e+00 -1.110737634706689646e-02 1.888696063381416212e-01
1.042814556950975247e+00 -1.112701704879701450e-02 1.892037468789042887e-01
1.043756875849039645e+00 -1.114665765916320050e-02 1.895378865813869551e-01
1.044699195040802220e+00 -1.116629817947686898e-02 1.898720254608933511e-01
1.045641514520906590e+00 -1.118593861102792388e-02 1.902061635324507061e-01
1.046583834284093406e+00 -1.120557895508514715e-02 1.905403008108149110e-01
1.047526154325198133e+00 -1.122521921289658040e-02 1.908744373104755421e-01
1.048468474639149051e+00 -1.124485938568989089e-02 1.912085730456609123e-01
1.049410795220966142e+00 -1.126449947467273761e-02 1.915427080303429286e-01
1.050353116065758874e+00 -1.128413948103312858e-02 1.918768422782418936e-01
1.051295437168724867e+00 -1.130377940593976782e-02 1.922109758028311688e-01
1.052237758525148115e+00 -1.132341925054240230e-02 1.925451086173418092e-01
1.053180080130396989e+00 -1.134305901597215498e-02 1.928792407347671156e-01
1.054122401979923129e+00 -1.136269870334185444e-02 1.932133721678669924e-01
1.055064724069260107e+00 -1.138233831374636448e-02 1.935475029291723048e-01
1.056007046394021431e+00 -1.140197784826289806e-02 1.938816330309891534e-01
1.056949368949899215e+00 -1.142161730795132960e-02 1.942157624854030651e-01
1.057891691732662842e+00 -1.144125669385450024e-02 1.945498913042830458e-01
1.058834014738156970e+00 -1.146089600699851802e-02 1.948840194992855768e-01
1.059776337962300863e+00 -1.148053524839305443e-02 1.952181470818586395e-01
1.060718661401087060e+00 -1.150017441903163073e-02 1.955522740632455181e-01
1.061660985050579376e+00 -1.151981351989190411e-02 1.958864004544885185e-01
1.062603308906911792e+00 -1.153945255193594525e-02 1.962205262664327987e-01
1.063545632966287346e+00 -1.155909151611050727e-02 1.965546515097299496e-01
1.064487957224976800e+00 -1.157873041334729625e-02 1.968887761948415471e-01
1.065430281679317304e+00 -1.159836924456323845e-02 1.972229003320427054e-01
1.066372606325711292e+00 -1.161800801066073356e-02 1.975570239314254628e-01
1.067314931160625369e+00 -1.163764671252790622e-02 1.978911470029021402e-01
1.068257256180588977e+00 -1.165728535103885757e-02 1.982252695562086720e-01
1.069199581382193065e+00 -1.167692392705390637e-02 1.985593916009078530e-01
1.070141906762089201e+00 -1.169656244141983187e-02 1.988935131463925310e-01
1.071084232316988460e+00 -1.171620089497010797e-02 1.992276342018886592e-01
1.072026558043660316e+00 -1.173583928852513052e-02 1.995617547764583499e-01
1.072968883938931528e+00 -1.175547762289244277e-02 1.998958748790029549e-01
1.073911209999685035e+00 -1.177511589886696096e-02 2.002299945182659802e-01
1.074853536222859063e+00 -1.179475411723119108e-02 2.005641137028358889e-01
1.075795862605446240e+00 -1.181439227875544055e-02 2.008982324411489884e-01
1.076738189144492264e+00 -1.183403038419802988e-02 2.012323507414922608e-01
1.077680515837094788e+00 -1.185366843430549731e-02 2.015664686120060001e-01
1.078622842680403204e+00 -1.187330642981280354e-02 2.019005860606865044e-01
1.079565169671617086e+00 -1.189294437144352776e-02 2.022347030953887126e-01
1.080507496807985524e+00 -1.191258225991006191e-02 2.025688197238287580e-01
1.081449824086806233e+00 -1.193222009591380327e-02 2.029029359535864940e-01
1.082392151505424449e+00 -1.195185788014534178e-02 2.032370517921079645e-01
1.083334479061232258e+00 -1.197149561328464222e-02 2.035711672467078459e-01
1.084276806751667710e+00 -1.199113329600122804e-02 2.039052823245718071e-01
1.085219134574214150e+00 -1.201077092895436009e-02 2.042393970327588404e-01
1.086161462526399113e+00 -1.203040851279320485e-02 2.045735113782035930e-01
1.087103790605793652e+00 -1.205004604815700965e-02 2.049076253677185877e-01
1.088046118810011453e+00 -1.206968353567527269e-02 2.052417390079964155e-01
1.088988447136708171e+00 -1.208932097596790434e-02 2.055758523056119280e-01
1.089930775583580980e+00 -1.210895836964538848e-02 2.059099652670243197e-01
1.090873104148367245e+00 -1.212859571730894211e-02 2.062440778985792367e-01
1.091815432828844079e+00 -1.214823301955067492e-02 2.065781902065108311e-01
1.092757761622827672e+00 -1.216787027695373849e-02 2.069123021969437592e-01
1.093700090528172408e+00 -1.218750749009247722e-02 2.072464138758951524e-01
1.094642419542770639e+00 -1.220714465953257923e-02 2.075805252492765318e-01
1.095584748664551356e+00 -1.222678178583121861e-02 2.079146363228957239e-01
1.096527077891479740e+00 -1.224641886953719769e-02 2.082487471024587200e-01
1.097469407221556725e+00 -1.226605591119108753e-02 2.085828575935714524e-01
1.099259833225073812e+00 -1.230336617659744634e-02 2.092176667538903356e-01
1.102500505173964696e+00 -1.237089738846220560e-02 2.103666688666352425e-01
1.107867384312868353e+00 -1.248273483273311217e-02 2.122695247684210085e-01
1.115544533445200770e+00 -1.264271262017935792e-02 2.149914851558346329e-01
1.124644279715981687e+00 -1.283233182434673041e-02 2.182178138077138230e-01
1.134056488115182004e+00 -1.302845909562578425e-02 2.215549087210059997e-01
1.143479798341525022e+00 -1.322481501156465636e-02 2.248959251405443782e-01
1.152903125423674124e+00 -1.342116888684918158e-02 2.282369357448501279e-01
1.162326455501617950e+00 -1.361752069343839106e-02 2.315779380211371585e-01
1.171749787936894549e+00 -1.381387064525777149e-02 2.349189337575420533e-01
1.181173122194027814e+00 -1.401021892965881657e-02 2.382599244533604443e-01
1.190596457824249832e+00 -1.420656571114966606e-02 2.416009113646759021e-01
1.200019794451872901e+00 -1.440291113455699143e-02 2.449418955426092559e-01
1.209443131762851786e+00 -1.459925532771097836e-02 2.482828778654192770e-01
1.218866469495171412e+00 -1.479559840372994886e-02 2.516238590654771845e-01
1.228289807430760439e+00 -1.499194046296830306e-02 2.549648397519613252e-01
1.237713145388678937e+00 -1.518828159468074181e-02 2.583058204299729654e-01
1.247136483219373204e+00 -1.538462187844703670e-02 2.616468015166563132e-01
1.256559820799825422e+00 -1.558096138539427633e-02 2.649877833548064388e-01
1.265983158029454936e+00 -1.577730017924751371e-02 2.683287662243682425e-01
1.275406494826651249e+00 -1.597363831723480621e-02 2.716697503521628421e-01
1.284829831125838151e+00 -1.616997585086840661e-02 2.750107359201220958e-01
1.294253166874985705e+00 -1.636631282662045356e-02 2.783517230722657998e-01
1.303676502033500606e+00 -1.656264928650863152e-02 2.816927119206182328e-01
1.313099836570435386e+00 -1.675898526860484725e-02 2.850337025502288069e-01
1.322523170462967856e+00 -1.695532080747795892e-02 2.883746950234351569e-01
1.331946503695109252e+00 -1.715165593457991175e-02 2.917156893834849107e-01
1.341369836256605330e+00 -1.734799067858321109e-02 2.950566856576139485e-01
1.350793168142002454e+00 -1.754432506567647765e-02 2.983976838596639758e-01
1.360216499349852892e+00 -1.774065911982384419e-02 3.017386839923086317e-01
1.369639829882038917e+00 -1.793699286299307513e-02 3.050796860489468632e-01
1.379063159743197486e+00 -1.813332631535659670e-02 3.084206900153135811e-01
1.388486488940230856e+00 -1.832965949546900772e-02 3.117616958708495090e-01
1.397909817481890249e+00 -1.852599242042415884e-02 3.151027035898658069e-01
1.407333145378422135e+00 -1.872232510599443345e-02 3.184437131425338907e-01
1.416756472641267806e+00 -1.891865756675448207e-02 3.217847244957260378e-01
1.426179799282808025e+00 -1.911498981619136686e-02 3.251257376137286492e-01
1.435603125316146755e+00 -1.931132186680280249e-02 3.284667524588467113e-01
1.445026450754927971e+00 -1.950765373018496091e-02 3.318077689919153306e-01
1.454449775613180451e+00 -1.970398541711108897e-02 3.351487871727320544e-01
1.463873099905187436e+00 -1.990031693760202849e-02 3.384898069604210247e-01
1.473296423645376940e+00 -2.009664830098959257e-02 3.418308283137391768e-01
1.482719746848229381e+00 -2.029297951597363453e-02 3.451718511913328680e-01
1.492143069528200527e+00 -2.048931059067353108e-02 3.485128755519518728e-01
1.501566391699657332e+00 -2.068564153267468675e-02 3.518539013546271299e-01
1.510989713376825749e+00 -2.088197234907062869e-02 3.551949285588175131e-01
1.520413034573746769e+00 -2.107830304650118100e-02 3.585359571245300137e-01
1.529836355304240891e+00 -2.127463363118712106e-02 3.618769870124172172e-01
1.539259675581880371e+00 -2.147096410896170982e-02 3.652180181838556305e-01
1.548682995419966346e+00 -2.166729448529941537e-02 3.685590506010074652e-01
1.558106314831511519e+00 -2.186362476534211771e-02 3.719000842268682105e-01
1.567529633829226832e+00 -2.205995495392305134e-02 3.752411190253024942e-01
1.576952952425511922e+00 -2.225628505558871484e-02 3.785821549610697834e-01
1.586376270632448682e+00 -2.245261507461895553e-02 3.819231919998414826e-01
1.595799588461797258e+00 -2.264894501504538180e-02 3.852642301082108700e-01
1.605222905924994503e+00 -2.284527488066829398e-02 3.886052692536968722e-01
1.614646223033153971e+00 -2.304160467507226223e-02 3.919463094047427876e-01
1.624069539797067696e+00 -2.323793440164045529e-02 3.952873505307106794e-01
1.633492856227209300e+00 -2.343426406356786951e-02 3.986283926018723833e-01
1.642916172333737546e+00 -2.363059366387354476e-02 4.019694355893975724e-01
1.652339488126501443e+00 -2.382692320541185058e-02 4.053104794653393239e-01
1.661762803615045803e+00 -2.402325269088292220e-02 4.086515242026178552e-01
1.671186118808617227e+00 -2.421958212284233691e-02 4.119925697750029259e-01
1.680609433716170775e+00 -2.441591150371007907e-02 4.153336161570947427e-01
1.690032748346376623e+00 -2.461224083577886329e-02 4.186746633243041416e-01
1.699456062707627391e+00 -2.480857012122187483e-02 4.220157112528321042e-01
1.708879376808045469e+00 -2.500489936209994435e-02 4.253567599196488302e-01
1.718302690655490128e+00 -2.520122856036824052e-02 4.286978093024725323e-01
1.727726004257564840e+00 -2.539755771788250807e-02 4.320388593797479526e-01
1.737149317621625277e+00 -2.559388683640487216e-02 4.353799101306251584e-01
1.746572630754786637e+00 -2.579021591760925769e-02 4.387209615349383363e-01
1.755995943663930303e+00 -2.598654496308645118e-02 4.420620135731846978e-01
1.765419256355711619e+00 -2.618287397434882272e-02 4.454030662265036078e-01
1.774842568836567436e+00 -2.637920295283474603e-02 4.487441194766562114e-01
1.784265881112722330e+00 -2.657553189991274101e-02 4.520851733060053945e-01
1.793689193190195930e+00 -2.677186081688533864e-02 4.554262276974960222e-01
1.803112505074810024e+00 -2.696818970499271009e-02 4.587672826346357313e-01
1.812535816772194330e+00 -2.716451856541606674e-02 4.621083381014762237e-01
1.821959128287793384e+00 -2.736084739928085555e-02 4.654493940825948362e-01
1.831382439626873193e+00 -2.755717620765974971e-02 4.687904505630767216e-01
1.840805750794526574e+00 -2.775350499157546239e-02 4.721315075284976959e-01
1.850229061795679142e+00 -2.794983375200338696e-02 4.754725649649074182e-01
1.859652372635095308e+00 -2.814616248987408462e-02 4.788136228588129595e-01
1.869075683317384051e+00 -2.834249120607562275e-02 4.821546811971630375e-01
1.878498993847003806e+00 -2.853881990145576766e-02 4.854957399673327512e-01
1.887922304228267789e+00 -2.873514857682406623e-02 4.888367991571088145e-01
1.897345614465349550e+00 -2.893147723295379573e-02 4.921778587546751793e-01
1.906768924562287193e+00 -2.912780587058379569e-02 4.955189187485991575e-01
1.916192234522988258e+00 -2.932413449042020614e-02 4.988599791278180984e-01
1.925615544351234165e+00 -2.952046309313811207e-02 5.022010398816264543e-01
1.935038854050684876e+00 -2.971679167938307692e-02 5.055421009996632353e-01
1.944462163624883333e+00 -2.991312024977260675e-02 5.088831624719000191e-01
1.962366451484358176e+00 -3.028614449216036203e-02 5.152311802065677737e-01
1.994773211470213914e+00 -3.096131824397232307e-02 5.267210952464628226e-01
2.048442044021132169e+00 -3.207947318092940758e-02 5.457495510695261620e-01
2.125213544221808082e+00 -3.367895659927872681e-02 5.729691472101298144e-01
2.216210952170777126e+00 -3.557482687223421230e-02 6.052326070834326277e-01
2.310332917696331201e+00 -3.753579478313631701e-02 6.386039082589716198e-01
2.404565850149033679e+00 -3.949907429762495453e-02 6.720145678340423423e-01
2.498798909906684074e+00 -4.146235623385961799e-02 7.054252842692121384e-01
2.593031966684224532e+00 -4.342563793845294340e-02 7.388360091238045380e-01
2.687265021027629430e+00 -4.538891946598806043e-02 7.722467408541411338e-01
2.781498073363589896e+00 -4.735220085638418980e-02 8.056574782544180247e-01
2.875731124028842789e+00 -4.931548213923190455e-02 8.390682203731492095e-01
2.969964173291697929e+00 -5.127876333674562942e-02 8.724789664522752952e-01
3.064197221367903179e+00 -5.324204446580250993e-02 9.058897158822997175e-01
3.158430268432450561e+00 -5.520532553936980530e-02 9.393004681689062219e-01
3.252663314628446045e+00 -5.716860656751712039e-02 9.727112229078813677e-01
3.346896360073834398e+00 -5.913188755814297037e-02 1.006121979766103181e+00
3.441129404866544395e+00 -6.109516851750223382e-02 1.039532738467002115e+00
3.535362449088456316e+00 -6.305844945059320417e-02 1.072943498779347360e+00
3.629595492808486146e+00 -6.502173036144449914e-02 1.106354260508528142e+00
3.723828536085003194e+00 -6.698501125332979866e-02 1.139765023489723417e+00
3.818061578967739678e+00 -6.894829212893006931e-02 1.173175787582509733e+00
3.912294621499307290e+00 -7.091157299045716678e-02 1.206586552666574663e+00
4.006527663716410004e+00 -7.287485383974880160e-02 1.239997318638286439e+00
4.100760705650825066e+00 -7.483813467834207755e-02 1.273408085407930157e+00
4.194993747330194367e+00 -7.680141550753087631e-02 1.306818852897467353e+00
4.289226788778671917e+00 -7.876469632841096025e-02 1.340229621038709018e+00
4.383459830017454095e+00 -8.072797714191569385e-02 1.373640389771816794e+00
4.477692871065218405e+00 -8.269125794884447933e-02 1.407051159044067079e+00
4.571925911938484077e+00 -8.465453874988557170e-02 1.440461928808826286e+00
4.666158952651915826e+00 -8.661781954563449459e-02 1.473872699024696864e+00
4.760391993218577866e+00 -8.858110033660895888e-02 1.507283469654802754e+00
4.854625033650146193e+00 -9.054438112326106125e-02 1.540694240666187431e+00
4.948858073957087989e+00 -9.250766190598729011e-02 1.574105012029305195e+00
5.043091114148814391e+00 -9.447094268513681059e-02 1.607515783717590407e+00
5.137324154233811946e+00 -9.643422346101826470e-02 1.640926555707089562e+00
5.231557194219753626e+00 -9.839750423390548895e-02 1.674337327976146650e+00
5.325790234113592980e+00 -1.003607850040423299e-01 1.707748100505133149e+00
5.420023273921648510e+00 -1.023240657716465996e-01 1.741158873276215102e+00
5.514256313649675612e+00 -1.042873465369134889e-01 1.774569646273151724e+00
5.608489353302925196e+00 -1.062506273000184548e-01 1.807980419481120427e+00
5.702722392886200531e+00 -1.082139080611196624e-01 1.841391192886564498e+00
5.796955432403904318e+00 -1.101771888203600946e-01 1.874801966477060322e+00
5.891188471860077769e+00 -1.121404695778693145e-01 1.908212740241201244e+00
5.985421511258437022e+00 -1.141037503337650333e-01 1.941623514168494768e+00
6.079654550602409557e+00 -1.160670310881544570e-01 1.975034288249272185e+00
6.173887589895157291e+00 -1.180303118411354379e-01 2.008445062474609522e+00
6.268120629139603217e+00 -1.199935925927974739e-01 2.041855836836256266e+00
6.362353668338453616e+00 -1.219568733432225965e-01 2.075266611326573418e+00
6.456586707494219368e+00 -1.239201540924861483e-01 2.108677385938477755e+00
6.550819746609231053e+00 -1.258834348406574488e-01 2.142088160665391428e+00
6.645052785685654939e+00 -1.278467155878003914e-01 2.175498935501198439e+00
6.739285824725509855e+00 -1.298099963339739704e-01 2.208909710440204233e+00
6.833518863730676962e+00 -1.317732770792327535e-01 2.242320485477099279e+00
6.927751902702911302e+00 -1.337365578236272834e-01 2.275731260606927986e+00
7.021984941643854228e+00 -1.356998385672044394e-01 2.309142035825060280e+00
7.116217980555041400e+00 -1.376631193100077699e-01 2.342552811127164070e+00
7.210451019437909892e+00 -1.396264000520778259e-01 2.375963586509181713e+00
7.304684058293807070e+00 -1.415896807934523827e-01 2.409374361967309586e+00
7.398917097123998587e+00 -1.435529615341666343e-01 2.442785137497977654e+00
7.493150135929672828e+00 -1.455162422742534711e-01 2.476195913097832157e+00
7.587383174711947120e+00 -1.474795230137436741e-01 2.509606688763720062e+00
7.681616213471873067e+00 -1.494428037526660535e-01 2.543017464492673518e+00
7.775849252210441875e+00 -1.514060844910475878e-01 2.576428240281896542e+00
7.870082290928587021e+00 -1.533693652289135623e-01 2.609839016128753464e+00
7.964315329627189577e+00 -1.553326459662877634e-01 2.643249792030756939e+00
8.058548368307082654e+00 -1.572959267031925623e-01 2.676660567985558181e+00
8.152781406969053180e+00 -1.592592074396489699e-01 2.710071343990937187e+00
8.247014445613844558e+00 -1.612224881756768036e-01 2.743482120044794748e+00
8.341247484242160226e+00 -1.631857689112947429e-01 2.776892896145142675e+00
8.435480522854668095e+00 -1.651490496465203850e-01 2.810303672290098920e+00
8.529713561452000548e+00 -1.671123303813703553e-01 2.843714448477879131e+00
8.623946600034756216e+00 -1.690756111158603914e-01 2.877125224706790885e+00
8.718179638603505310e+00 -1.710388918500053701e-01 2.910536000975227910e+00
8.812412677158789620e+00 -1.730021725838193636e-01 2.943946777281663874e+00
8.906645715701120736e+00 -1.749654533173157223e-01 2.977357553624649267e+00
9.000878754230987155e+00 -1.769287340505070749e-01 3.010768330002805193e+00
9.095111792748856061e+00 -1.788920147834054120e-01 3.044179106414819813e+00
9.189344831255169765e+00 -1.808552955160221132e-01 3.077589882859444348e+00
9.283577869750349265e+00 -1.828185762483679755e-01 3.111000659335488194e+00
9.377810908234796017e+00 -1.847818569804532685e-01 3.144411435841817593e+00
9.472043946708893714e+00 -1.867451377122877620e-01 3.177822212377351185e+00
9.566276985173008285e+00 -1.887084184438807544e-01 3.211232988941056909e+00
nan nan nan
nan nan nan
nan nan nan
nan nan nan
nan nan nan
nan nan nan
nan nan nan
nan nan nan
nan nan nan
nan nan nan
nan nan nan
nan nan nan
nan nan nan
nan nan nan
nan nan nan
nan nan nan
nan nan nan
nan nan nan
nan nan nan
nan nan nan
nan nan nan
nan nan nan
nan nan nan
nan nan nan
nan nan nan
nan nan nan
nan nan nan
nan nan nan
nan nan nan
nan nan nan
nan nan nan
nan nan nan
nan nan nan
nan nan nan
nan nan nan
nan nan nan
nan nan nan
nan nan nan
nan nan nan
nan nan nan
nan nan nan
nan nan nan
nan nan nan
nan nan nan
nan nan nan
nan nan nan
nan nan nan
nan nan nan
nan nan nan
nan nan nan
nan nan nan
nan nan nan
nan nan nan
nan nan nan
nan nan nan
nan nan nan
nan nan nan
nan nan nan
nan nan nan
nan nan nan
nan nan nan
nan nan nan
nan nan nan
nan nan nan
nan nan nan
nan nan nan
nan nan nan
nan nan nan
nan nan nan
nan nan nan
nan nan nan
nan nan nan
nan nan nan
nan nan nan
nan nan nan
nan nan nan
nan nan nan
nan nan nan
nan nan nan
nan nan nan
nan nan nan
nan nan nan
nan nan nan
nan nan nan
nan nan nan
nan nan nan
nan nan nan
nan nan nan
nan nan nan
nan nan nan
nan nan nan
nan nan nan
nan nan nan
nan nan nan
nan nan nan
nan nan nan
nan nan nan
nan nan nan
nan nan nan
nan nan nan
nan nan nan
nan nan nan
nan nan nan
nan nan nan
nan nan nan
nan nan nan
nan nan nan
nan nan nan
nan nan nan
nan nan nan
nan nan nan
nan nan nan
nan nan nan
nan nan nan
nan nan nan
nan nan nan
nan nan nan
nan nan nan
nan nan nan
nan nan nan
nan nan nan
nan nan nan
nan nan nan
nan nan nan
nan nan nan
nan nan nan
nan nan nan
nan nan nan
nan nan nan
nan nan nan
nan nan nan
nan nan nan
nan nan nan
nan nan nan
nan nan nan
nan nan nan
nan nan nan
nan nan nan
nan nan nan
nan nan nan
nan nan nan
nan nan nan
nan nan nan
nan nan nan
nan nan nan
nan nan nan
nan nan nan
nan nan nan
nan nan nan
nan nan nan
nan nan nan
nan nan nan
nan nan nan
nan nan nan
nan nan nan
nan nan nan
nan nan nan
nan nan nan
nan nan nan
nan nan nan
nan nan nan
nan nan nan
nan nan nan
nan nan nan
nan nan nan
nan nan nan
nan nan nan
nan nan nan
nan nan nan
nan nan nan
nan nan nan
nan nan nan
nan nan nan
nan nan nan
nan nan nan
nan nan nan
nan nan nan
nan nan nan
nan nan nan
nan nan nan
nan nan nan
nan nan nan
nan nan nan
nan nan nan
nan nan nan
nan nan nan
nan nan nan
nan nan nan
nan nan nan
nan nan nan
nan nan nan
nan nan nan
nan nan nan
nan nan nan
nan nan nan
nan nan nan
nan nan nan
nan nan nan
nan nan nan
nan nan nan
nan nan nan
nan nan nan
nan nan nan
nan nan nan
nan nan nan
nan nan nan
nan nan nan
nan nan nan
nan nan nan
nan nan nan
nan nan nan
nan nan nan
nan nan nan
nan nan nan
nan nan nan
nan nan nan
nan nan nan
nan nan nan
nan nan nan
nan nan nan
nan nan nan
nan nan nan
nan nan nan
nan nan nan
nan nan nan
nan nan nan
nan nan nan
nan nan nan
nan nan nan
nan nan nan
nan nan nan
nan nan nan
nan nan nan
nan nan nan
nan nan nan
nan nan nan
nan nan nan
nan nan nan
nan nan nan
nan nan nan
nan nan nan
nan nan nan
nan nan nan
nan nan nan
nan nan nan
nan nan nan
nan nan nan
nan nan nan
nan nan nan
nan nan nan
nan nan nan
nan nan nan
nan nan nan
nan nan nan
nan nan nan
nan nan nan
nan nan nan
nan nan nan
nan nan nan
nan nan nan
nan nan nan
nan nan nan
nan nan nan
nan nan nan
nan nan nan
nan nan nan
nan nan nan
nan nan nan
nan nan nan
nan nan nan
nan nan nan
nan nan nan
nan nan nan
nan nan nan
nan nan nan
nan nan nan
nan nan nan
nan nan nan
nan nan nan
nan nan nan
nan nan nan
nan nan nan
nan nan nan
nan nan nan
nan nan nan
nan nan nan
nan nan nan
nan nan nan
nan nan nan
nan nan nan
nan nan nan
nan nan nan
nan nan nan
nan nan nan
nan nan nan
nan nan nan
nan nan nan
nan nan nan
nan nan nan
nan nan nan
nan nan nan
nan nan nan
nan nan nan
nan nan nan
nan nan nan
nan nan nan
nan nan nan
nan nan nan
nan nan nan
nan nan nan
nan nan nan
nan nan nan
nan nan nan
nan nan nan
nan nan nan
nan nan nan
nan nan nan
nan nan nan
nan nan nan
nan nan nan
nan nan nan
nan nan nan
nan nan nan
nan nan nan
nan nan nan
