# X Y Z
9.898681674479774983e+00 -9.539596258366520032e-03 1.621732365278251431e-01
9.798681706090905053e+00 -9.544247593944253649e-03 1.622526127159096276e-01
9.698681737870320063e+00 -9.548899052192475617e-03 1.623322006185033972e-01
9.598681769823771859e+00 -9.553550639049361234e-03 1.624120068818044049e-01
9.498681801957284065e+00 -9.558202360815922297e-03 1.624920384361081827e-01
9.398681834277168079e+00 -9.562854224183068783e-03 1.625723025113187115e-01
9.298681866790039052e+00 -9.567506236261177216e-03 1.626528066535001538e-01
9.198681899502837211e+00 -9.572158404612462340e-03 1.627335587425532692e-01
9.098681932422847396e+00 -9.576810737285985572e-03 1.628145670111078025e-01
8.998681965557718598e+00 -9.581463242856091272e-03 1.628958400647312343e-01
8.898681998915492386e+00 -9.586115930464470317e-03 1.629773869035644474e-01
8.798682032504625994e+00 -9.590768809866201394e-03 1.630592169455047369e-01
8.698682066334020746e+00 -9.595421891480588814e-03 1.631413400510695333e-01
8.598682100413050478e+00 -9.600075186446673653e-03 1.632237665500877455e-01
8.498682134751593509e+00 -9.604728706684302966e-03 1.633065072703802356e-01
8.398682169360073502e+00 -9.609382464961721548e-03 1.633895735686079487e-01
8.298682204249491434e+00 -9.614036474969823304e-03 1.634729773634855943e-01
8.198682239431470009e+00 -9.618690751404472550e-03 1.635567311715799832e-01
8.098682274918299839e+00 -9.623345310057547508e-03 1.636408481459358799e-01
7.998682310722985633e+00 -9.628000167917908150e-03 1.637253421177999602e-01
7.898682346859304815e+00 -9.632655343283681379e-03 1.638102276417431613e-01
7.798682383341865254e+00 -9.637310855886984176e-03 1.638955200445173788e-01
7.698682420186168329e+00 -9.641966727033096998e-03 1.639812354780218195e-01
7.598682457408680868e+00 -9.646622979755947042e-03 1.640673909767981775e-01
7.498682495026913308e+00 -9.651279638992047230e-03 1.641540045205261700e-01
7.398682533059506738e+00 -9.655936731775373316e-03 1.642410951020484011e-01
7.298682571526326157e+00 -9.660594287456206186e-03 1.643286828015210477e-01
7.198682610448565278e+00 -9.665252337947941377e-03 1.644167888673636890e-01
7.098682649848863768e+00 -9.669910918005376887e-03 1.645054358047690624e-01
6.998682689751434260e+00 -9.674570065539110988e-03 1.645946474726366071e-01
6.898682730182205347e+00 -9.679229821972182291e-03 1.646844491899117080e-01
6.798682771168980565e+00 -9.683890232645261248e-03 1.647748678524485477e-01
6.698682812741615145e+00 -9.688551347278110890e-03 1.648659320616751578e-01
6.598682854932213182e+00 -9.693213220496580199e-03 1.649576722665256623e-01
6.498682897775350575e+00 -9.697875912435916651e-03 1.650501209203210640e-01
6.398682941308324601e+00 -9.702539489433345890e-03 1.651433126545386876e-01
6.298682985571433690e+00 -9.707204024825328084e-03 1.652372844717107936e-01
6.198683030608295397e+00 -9.711869599868428946e-03 1.653320759600510059e-01
6.098683076466203445e+00 -9.716536304806087931e-03 1.654277295328327180e-01
5.998683123196537181e+00 -9.721204240107193459e-03 1.655242906960479876e-01
5.898683170855226976e+00 -9.725873517910018154e-03 1.656218083484817249e-01
5.798683219503283581e+00 -9.730544263711457878e-03 1.657203351190641716e-01
5.698683269207408308e+00 -9.735216618348805848e-03 1.658199277472414412e-01
5.598683320040693800e+00 -9.739890740333906338e-03 1.659206475131662084e-01
5.498683372083434939e+00 -9.744566808612154310e-03 1.660225607258043745e-01
5.398683425424068538e+00 -9.749245025836376574e-03 1.661257392786365528e-01
5.298683480160267578e+00 -9.753925622268053153e-03 1.662302612845743266e-01
5.198683536400221961e+00 -9.758608860443104133e-03 1.663362118041083193e-01
5.098683594264144858e+00 -9.763295040776243452e-03 1.664436836836828693e-01
4.998683653886051736e+00 -9.767984508325885246e-03 1.665527785250017490e-01
4.898683715415869777e+00 -9.772677660992979548e-03 1.666636078106238372e-01
4.798683779021959417e+00 -9.777374959505664292e-03 1.667762942170802343e-01
4.698683844894141259e+00 -9.782076939640838020e-03 1.668909731541952379e-01
4.598683913247351818e+00 -9.786784227258697733e-03 1.670077945788019935e-01
4.498683984326092400e+00 -9.791497556894646417e-03 1.671269251432632996e-01
4.398684058409875419e+00 -9.796217794877043819e-03 1.672485507550128814e-01
4.298684135819940799e+00 -9.800945968240078535e-03 1.673728796439059308e-01
4.198684216927607515e+00 -9.805683301096910359e-03 1.675001460611457715e-01
4.098684302164746995e+00 -9.810431260682430168e-03 1.676306147692079862e-01
3.998684392037028967e+00 -9.815191616011723422e-03 1.677645865296425176e-01
3.898684487140833266e+00 -9.819966513120104851e-03 1.679024048593218410e-01
3.798684588185067046e+00 -9.824758572249715771e-03 1.680444644119107322e-01
3.698684696019613583e+00 -9.829571014306473162e-03 1.681912214590372823e-01
3.598684811672857808e+00 -9.834407826682572962e-03 1.683432071078365122e-01
3.498684936401806667e+00 -9.839273982457756584e-03 1.685010441172063722e-01
3.398685071759929954e+00 -9.844175732637480344e-03 1.686654684923597769e-01
3.298685219690309367e+00 -9.849120999278390340e-03 1.688373574880000505e-01
3.198685382655533260e+00 -9.854119909334720095e-03 1.690177662982655649e-01
3.098685563821874211e+00 -9.859185526898971846e-03 1.692079766540393326e-01
2.998685767325194096e+00 -9.864334868333156023e-03 1.694095619371346895e-01
2.898685998662426488e+00 -9.869590325603886868e-03 1.696244754965161028e-01
2.798686265280322161e+00 -9.874981686333810654e-03 1.698551720005050669e-01
2.698686577481595794e+00 -9.880549038404309869e-03 1.701047765144534929e-01
2.598686949855285366e+00 -9.886347005879066521e-03 1.703773236159111248e-01
2.498687403597934953e+00 -9.892451022220201395e-03 1.706781010649587871e-01
2.398687970396618852e+00 -9.898966779152980344e-03 1.710141525296058895e-01
2.298688699145999159e+00 -9.906044728976614450e-03 1.713950274116047556e-01
2.198689668007290710e+00 -9.913902820088025744e-03 1.718339237862304691e-01
2.098691006973316675e+00 -9.922863018152261461e-03 1.723494741019617749e-01
1.998692942113218685e+00 -9.933411673689010457e-03 1.729686162481332001e-01
1.898695887097866075e+00 -9.946302816860328258e-03 1.737313702900027956e-01
1.888696254311232892e+00 -9.947749718280570960e-03 1.738170498903534866e-01
1.878696639597520646e+00 -9.949232688219001447e-03 1.739048123675793200e-01
1.868697044103646121e+00 -9.950753316073947946e-03 1.739947369647462105e-01
1.858697469062924990e+00 -9.952313274142235780e-03 1.740869067139986237e-01
1.848697915802560043e+00 -9.953914322719539798e-03 1.741814086556499608e-01
1.838698385751864617e+00 -9.955558315573527148e-03 1.742783340724351759e-01
1.828698880451302022e+00 -9.957247205820172337e-03 1.743777787401772916e-01
1.818699401562432705e+00 -9.958983052238556608e-03 1.744798431962408802e-01
1.808699950878871476e+00 -9.960768026062022384e-03 1.745846330272801672e-01
1.798700530338369630e+00 -9.962604418290886207e-03 1.746922591779404565e-01
1.788701142036152492e+00 -9.964494647572078381e-03 1.748028382823486049e-01
1.778701788239659631e+00 -9.966441268699022596e-03 1.749164930204133439e-01
1.768702471404854926e+00 -9.968446981792562778e-03 1.750333525011635860e-01
1.758703194194293440e+00 -9.970514642221988896e-03 1.751535526756011762e-01
1.748703959497160731e+00 -9.972647271343075895e-03 1.752772367818165311e-01
1.738704770451528381e+00 -9.974848068134044982e-03 1.754045558254092585e-01
1.728705630469102861e+00 -9.977120421814011583e-03 1.755356690986048518e-01
1.718706543262784825e+00 -9.979467925549628804e-03 1.756707447418528467e-01
1.708707512877400969e+00 -9.981894391362005139e-03 1.758099603521283971e-01
1.698708543724024356e+00 -9.984403866357061813e-03 1.759535036426606858e-01
1.688709640618360375e+00 -9.987000650425773354e-03 1.761015731593858213e-01
1.678710808823746348e+00 -9.989689315570659395e-03 1.762543790600811788e-01
1.668712054099398490e+00 -9.992474727042998175e-03 1.764121439628793808e-01
1.658713382754637644e+00 -9.995362066494791267e-03 1.765751038717220389e-01
1.648714801709941558e+00 -9.998356857377524790e-03 1.767435091873054975e-01
1.638716318565809349e+00 -1.000146499285428821e-02 1.769176258132094115e-01
1.628717941680583481e+00 -1.000469276652583318e-02 1.770977363682160466e-01
1.618719680258570603e+00 -1.000804690631500703e-02 1.772841415173621593e-01
1.608721544450028462e+00 -1.001153461190507771e-02 1.774771614360464989e-01
1.598723545464861173e+00 -1.001516359618516774e-02 1.776771374235916190e-01
1.588725695702192908e+00 -1.001894213122820482e-02 1.778844336850846919e-01
1.578728008898383273e+00 -1.002287909939643742e-02 1.780994393031783696e-01
1.568730500296525276e+00 -1.002698405028094701e-02 1.783225704248903587e-01
1.558733186841043672e+00 -1.003126726429140469e-02 1.785542726924188028e-01
1.548736087401710648e+00 -1.003573982382039223e-02 1.787950239516861162e-01
1.538739223032256520e+00 -1.004041369310685466e-02 1.790453372779356733e-01
1.528742617269804205e+00 -1.004530180809692572e-02 1.793057643644241084e-01
1.518746296482653246e+00 -1.005041817781169439e-02 1.795768993282558235e-01
1.508750290275546746e+00 -1.005577799903546732e-02 1.798593829971161240e-01
1.498754631963556072e+00 -1.006139778646485301e-02 1.801539077523950927e-01
1.488759359128222659e+00 -1.006729552086111160e-02 1.804612230184358679e-01
1.478764514272747244e+00 -1.007349081824841092e-02 1.807821415050739899e-01
1.468770145597010579e+00 -1.008000512382764384e-02 1.811175463320387480e-01
1.458776307918290049e+00 -1.008686193502641472e-02 1.814683991902169558e-01
1.448783063770057389e+00 -1.009408705902261304e-02 1.818357497276049117e-01
1.438790484719655316e+00 -1.010170891129644720e-02 1.822207463887948187e-01
1.428798652956591697e+00 -1.010975886323782491e-02 1.826246489884034430e-01
1.418807663217530379e+00 -1.011827164866936635e-02 1.830488433641454527e-01
1.408817625132996687e+00 -1.012728584158933791e-02 1.834948585384871544e-01
1.398828666106061158e+00 -1.013684442048974101e-02 1.839643869247696017e-01
1.388840934867222598e+00 -1.014699543856525769e-02 1.844593082521816252e-01
1.378854605895838636e+00 -1.015779282434783361e-02 1.849817180649443726e-01
1.368869884961788186e+00 -1.016929734414724618e-02 1.855339618896807707e-01
1.358887016129007419e+00 -1.018157776680192819e-02 1.861186764827364448e-01
1.348906290686193943e+00 -1.019471228355189711e-02 1.867388399970394131e-01
1.338928058646138952e+00 -1.020879025256784568e-02 1.873978334906258592e-01
1.328952743709742812e+00 -1.022391436075092627e-02 1.880995170021795559e-01
1.318980862964496348e+00 -1.024020332768419903e-02 1.888483245413644374e-01
1.309013053145243299e+00 -1.025779532241336001e-02 1.896493839335361697e-01
1.299050106133898153e+00 -1.027685232968894753e-02 1.905086697518614813e-01
1.289093017692794829e+00 -1.029756579903741767e-02 1.914332009325763195e-01
1.279143055519541772e+00 -1.032016405486362899e-02 1.924312996942635356e-01
1.269201856120058869e+00 -1.034492216668178241e-02 1.935129360504021789e-01
1.259271565705346818e+00 -1.037217532397527973e-02 1.946901941794222379e-01
1.259271565705346818e+00 -1.037217532397527973e-02 1.946901941794222379e-01
1.254959089993756605e+00 -1.038488715103360466e-02 1.952348807094433647e-01
1.248214615547069251e+00 -1.040598836032097761e-02 1.961329594238370444e-01
1.248214615547069251e+00 -1.040598836032097761e-02 1.961329594238370444e-01
1.244588259337348735e+00 -1.041799384337837794e-02 1.966407340881685395e-01
1.238669344332536504e+00 -1.043870040513025267e-02 1.975112218456691326e-01
1.238669344332536504e+00 -1.043870040513025267e-02 1.975112218456691326e-01
1.235592041901949267e+00 -1.045004640972877798e-02 1.979855157083587058e-01
1.230401400504246512e+00 -1.047018749370943677e-02 1.988228891495331940e-01
1.230401400504246512e+00 -1.047018749370943677e-02 1.988228891495331940e-01
1.227762962667200197e+00 -1.048093765214865199e-02 1.992675633255139023e-01
1.223197685247145117e+00 -1.050044294602810874e-02 2.000704392016053046e-01
1.223197685247145117e+00 -1.050044294602810874e-02 2.000704392016053046e-01
1.220914567480015700e+00 -1.051065200885194402e-02 2.004887376066829541e-01
1.216883738440576623e+00 -1.052949180113189366e-02 2.012572546465466738e-01
1.216883738440576623e+00 -1.052949180113189366e-02 2.012572546465466738e-01
1.214891700581380629e+00 -1.053920746282745180e-02 2.016519325669367535e-01
1.211317439989621159e+00 -1.055737727501591429e-02 2.023870901261990152e-01
1.211317439989621159e+00 -1.055737727501591429e-02 2.023870901261990152e-01
1.209566433342629033e+00 -1.056664141423646272e-02 2.027605072823824295e-01
1.206383007603528901e+00 -1.058415218756846542e-02 2.034637642717078143e-01
1.206383007603528901e+00 -1.058415218756846542e-02 2.034637642717078143e-01
1.204833549060511766e+00 -1.059300185009677889e-02 2.038179581004456731e-01
1.201985810461034809e+00 -1.060987377860110950e-02 2.044909952567455502e-01
1.201985810461034809e+00 -1.060987377860110950e-02 2.044909952567455502e-01
1.200606387765006833e+00 -1.061834194333866749e-02 2.048277379829609446e-01
1.198048132369784469e+00 -1.063460053930782856e-02 2.054723162556057192e-01
1.198048132369784469e+00 -1.063460053930782856e-02 2.054723162556057192e-01
1.196813324306693849e+00 -1.064271672063654521e-02 2.057931595921622669e-01
1.194505792684481982e+00 -1.065839028150739748e-02 2.064110362713862390e-01
1.194505792684481982e+00 -1.065839028150739748e-02 2.064110362713862390e-01
1.193394889281661930e+00 -1.066618101099663443e-02 2.067173468134245462e-01
1.191305477594261752e+00 -1.068129898390224146e-02 2.073102268877416443e-01
1.191305477594261752e+00 -1.068129898390224146e-02 2.073102268877416443e-01
1.190301454178470442e+00 -1.068878820247243927e-02 2.076032144819495162e-01
1.188402638036400338e+00 -1.070338013314910651e-02 2.081727237125803320e-01
1.188402638036400338e+00 -1.070338013314910651e-02 2.081727237125803320e-01
1.187491382943268059e+00 -1.071058951570398945e-02 2.084534644674206627e-01
1.185759831974745548e+00 -1.072468438258619011e-02 2.090011359153496895e-01
1.185759831974745548e+00 -1.072468438258619011e-02 2.090011359153496895e-01
1.184929558430966701e+00 -1.073163361050910765e-02 2.092705910664041102e-01
1.183345412812689901e+00 -1.074525941470658684e-02 2.097978599296980162e-01
1.183345412812689901e+00 -1.074525941470658684e-02 2.097978599296980162e-01
1.182586206199828682e+00 -1.075196640727287337e-02 2.100568914575653701e-01
1.181132487015489119e+00 -1.076514993337869541e-02 2.105650949866083310e-01
1.181132487015489119e+00 -1.076514993337869541e-02 2.105650949866083310e-01
1.180435952830135804e+00 -1.077163104608876848e-02 2.108144786556272465e-01
1.179098081462820025e+00 -1.078439773694567401e-02 2.113048590912466607e-01
1.179098081462820025e+00 -1.078439773694567401e-02 2.113048590912466607e-01
1.178457069000956592e+00 -1.079066793277804782e-02 2.115452954168695610e-01
1.177222474726833612e+00 -1.080304183994014455e-02 2.120190046441079446e-01
1.177222474726833612e+00 -1.080304183994014455e-02 2.120190046441079446e-01
1.176630858304523519e+00 -1.080911483811170665e-02 2.122511281792832383e-01
1.175488657031179551e+00 -1.082111862201521647e-02 2.127092332644149320e-01
1.175488657031179551e+00 -1.082111862201521647e-02 2.127092332644149320e-01
1.174941161345431473e+00 -1.082700702785939322e-02 2.129336205095754553e-01
1.173881891716707315e+00 -1.083866199002974859e-02 2.133771095947663288e-01
1.173881891716707315e+00 -1.083866199002974859e-02 2.133771095947663288e-01
1.173373951377923330e+00 -1.084437740884847644e-02 2.135942857711845555e-01
1.172389357197940685e+00 -1.085570354401214042e-02 2.140240739983960694e-01
1.172389357197940685e+00 -1.085570354401214042e-02 2.140240739983960694e-01
1.171917002939972363e+00 -1.086125668125357928e-02 2.142345188767257602e-01
1.170999853081093223e+00 -1.087227274114137450e-02 2.146514541427874401e-01
1.170999853081093223e+00 -1.087227274114137450e-02 2.146514541427874401e-01
1.170559618965325788e+00 -1.087767349081531811e-02 2.148556070807723095e-01
1.169703557703158703e+00 -1.088839705402167533e-02 2.152604755084104315e-01
1.169703557703158703e+00 -1.088839705402167533e-02 2.152604755084104315e-01
1.169292404966468357e+00 -1.089365457696544158e-02 2.154587398232895024e-01
1.168491827096185931e+00 -1.090410212111460504e-02 2.158522708882509578e-01
1.168491827096185931e+00 -1.090410212111460504e-02 2.158522708882509578e-01
1.168107081287880211e+00 -1.090922491445116098e-02 2.160450176660670407e-01
1.167357027499917654e+00 -1.091941188813856135e-02 2.164278889542899931e-01
1.167357027499917654e+00 -1.091941188813856135e-02 2.164278889542899931e-01
1.166996326298020970e+00 -1.092440784707787889e-02 2.166154603810029888e-01
1.166292395177113361e+00 -1.093434873999509990e-02 2.169883019732584128e-01
1.166292395177113361e+00 -1.093434873999509990e-02 2.169883019732584128e-01
1.165953644842172121e+00 -1.093922521294276966e-02 2.171710142571652846e-01
1.165291918562462392e+00 -1.094893362313560138e-02 2.175344127502808755e-01
1.165291918562462392e+00 -1.094893362313560138e-02 2.175344127502808755e-01
1.164973257417667218e+00 -1.095369746094262443e-02 2.177125586942668112e-01
1.164350238763988798e+00 -1.096318615862732458e-02 2.180670608772764807e-01
1.164350238763988798e+00 -1.096318615862732458e-02 2.180670608772764807e-01
1.164050006422565176e+00 -1.096784375871013087e-02 2.182409121501613647e-01
1.163462565213589039e+00 -1.097712474635739212e-02 2.185870283584174512e-01
1.163462565213589039e+00 -1.097712474635739212e-02 2.185870283584174512e-01
1.163179276534243245e+00 -1.098168209228118399e-02 2.187568375056729297e-01
1.162624603883853691e+00 -1.099076666082628509e-02 2.190950446753265057e-01
1.162624603883853691e+00 -1.099076666082628509e-02 2.190950446753265057e-01
1.162356926832750714e+00 -1.099522935791301392e-02 2.192610469048085486e-01
1.161832495965402945e+00 -1.100412813915795443e-02 2.195917913538495136e-01
1.161832495965402945e+00 -1.100412813915795443e-02 2.195917913538495136e-01
1.161579232723417787e+00 -1.100850144656614557e-02 2.197542061255389478e-01
1.161082765293691255e+00 -1.101722446185977172e-02 2.200779060842234514e-01
1.161082765293691255e+00 -1.101722446185977172e-02 2.200779060842234514e-01
1.160842836070881345e+00 -1.102151332154820314e-02 2.202369385293266313e-01
1.160372273120125586e+00 -1.103007002692264239e-02 2.205539864431060315e-01
1.160372273120125586e+00 -1.103007002692264239e-02 2.205539864431060315e-01
1.160144702239071401e+00 -1.103427908984343231e-02 2.207098286337451643e-01
1.159698179073506363e+00 -1.104267841778705517e-02 2.210205932593899136e-01
1.159698179073506363e+00 -1.104267841778705517e-02 2.210205932593899136e-01
1.159482082961210025e+00 -1.104681206762377250e-02 2.211734253476609069e-01
1.159057907355908856e+00 -1.105506246572086557e-02 2.214782536628727705e-01
1.159057907355908856e+00 -1.105506246572086557e-02 2.214782536628727705e-01
1.158852484148308548e+00 -1.105912484043760323e-02 2.216282449048883607e-01
1.158449117382688298e+00 -1.106723430708185171e-02 2.219274638488759888e-01
1.158449117382688298e+00 -1.106723430708185171e-02 2.219274638488759888e-01
1.158253637896510702e+00 -1.107122931852158425e-02 2.220747735275477031e-01
1.157869678207370745e+00 -1.107920543591710792e-02 2.223686915890585314e-01
1.157869678207370745e+00 -1.107920543591710792e-02 2.223686915890585314e-01
1.157683478075516748e+00 -1.108313678765856028e-02 2.225134698475680350e-01
1.157317646180457071e+00 -1.109098675232146787e-02 2.228023785154041037e-01
1.157317646180457071e+00 -1.109098675232146787e-02 2.228023785154041037e-01
1.157140118981364818e+00 -1.109485795597354128e-02 2.229447671114017371e-01
1.156791245381396882e+00 -1.110258860692136737e-02 2.232289422003363721e-01
1.156791245381396882e+00 -1.110258860692136737e-02 2.232289422003363721e-01
1.156621836619594390e+00 -1.110640299702855133e-02 2.233690751902288607e-01
1.156288850433641935e+00 -1.111402084186539040e-02 2.236487780552266214e-01
1.156288850433641935e+00 -1.111402084186539040e-02 2.236487780552266214e-01
1.156127052252504228e+00 -1.111778158955507682e-02 2.237867824159408547e-01
1.155808971376418137e+00 -1.112529282860067609e-02 2.240622610647219903e-01
1.155808971376418137e+00 -1.112529282860067609e-02 2.240622610647219903e-01
1.155654317901765538e+00 -1.112900295411173128e-02 2.241982572602174983e-01
1.155350240313814281e+00 -1.113641350276418224e-02 2.244697473748312466e-01
1.155350240313814281e+00 -1.113641350276418224e-02 2.244697473748312466e-01
1.155202303543547249e+00 -1.114007588695941145e-02 2.246038498729393262e-01
1.154911399606680211e+00 -1.114739139641861623e-02 2.248715757483239208e-01
1.154911399606680211e+00 -1.114739139641861623e-02 2.248715757483239208e-01
1.154769785773578805e+00 -1.115100879139120128e-02 2.250038934935588153e-01
1.154491291404923903e+00 -1.115823466789852766e-02 2.252680689017518834e-01
1.154491291404923903e+00 -1.115823466789852766e-02 2.252680689017518834e-01
1.154355637751067531e+00 -1.116180970675913209e-02 2.253987057486368795e-01
1.154088848348765461e+00 -1.116895112947831163e-02 2.256595347355559167e-01
1.154088848348765461e+00 -1.116895112947831163e-02 2.256595347355559167e-01
1.153958820258995877e+00 -1.117248633539962011e-02 2.257885898464662977e-01
1.153703085292006936e+00 -1.117954827304789775e-02 2.260462674674641459e-01
1.153703085292006936e+00 -1.117954827304789775e-02 2.260462674674641459e-01
1.153578373741112273e+00 -1.118304606764440254e-02 2.261738356787976745e-01
1.153333091920233811e+00 -1.119003329399306280e-02 2.264285486791156321e-01
1.153333091920233811e+00 -1.119003329399306280e-02 2.264285486791156321e-01
1.153213411195130655e+00 -1.119349600509858544e-02 2.265547208389777356e-01
1.152978026155094593e+00 -1.120041311343698831e-02 2.268066482842207021e-01
1.152978026155094593e+00 -1.120041311343698831e-02 2.268066482842207021e-01
1.152863111818653419e+00 -1.120384298233618840e-02 2.269315115644590375e-01
1.152637108250640363e+00 -1.121069439898943892e-02 2.271808254257140225e-01
1.152637108250640363e+00 -1.121069439898943892e-02 2.271808254257140225e-01
1.152526715318243244e+00 -1.121409358715796251e-02 2.273044636109320671e-01
1.152309615500031859e+00 -1.122088358414294502e-02 2.275513293089108657e-01
1.152309615500031859e+00 -1.122088358414294502e-02 2.275513293089108657e-01
1.152203516803856465e+00 -1.122425417954426262e-02 2.276738230648083228e-01
1.151994877481776314e+00 -1.123098688644428092e-02 2.279183999769676394e-01
1.151994877481776314e+00 -1.123098688644428092e-02 2.279183999769676394e-01
1.151892862201221002e+00 -1.123433090942373841e-02 2.280398270999797194e-01
1.151692271784237720e+00 -1.124101032454703948e-02 2.282822690339351424e-01
1.151692271784237720e+00 -1.124101032454703948e-02 2.282822690339351424e-01
1.151594144123621932e+00 -1.124432973336214267e-02 2.284027046840389763e-01
1.151401220154758986e+00 -1.125095973424990355e-02 2.286431603204828189e-01
1.151401220154758986e+00 -1.125095973424990355e-02 2.286431603204828189e-01
1.151306798151842115e+00 -1.125425643027330204e-02 2.287626772388773322e-01
1.151121185026495963e+00 -1.126084078361795984e-02 2.290012905469569759e-01
1.151121185026495963e+00 -1.126084078361795984e-02 2.290012905469569759e-01
1.151030299477449947e+00 -1.126411661624555222e-02 2.291199592601534107e-01
1.150851666381942584e+00 -1.127065898727631389e-02 2.293568698880028844e-01
1.150851666381942584e+00 -1.127065898727631389e-02 2.293568698880028844e-01
1.150764159870240722e+00 -1.127391575856997834e-02 2.294747588996757237e-01
1.150592198917303133e+00 -1.128041971995539898e-02 2.297101025424702903e-01
1.150592198917303133e+00 -1.128041971995539898e-02 2.297101025424702903e-01
1.150507924935629589e+00 -1.128365918904251919e-02 2.298272785141594332e-01
1.150342349476500159e+00 -1.129012822934972321e-02 2.300611872615943576e-01
1.150342349476500159e+00 -1.129012822934972321e-02 2.300611872615943576e-01
1.150261171631735913e+00 -1.129335211661575133e-02 2.301777151837610114e-01
1.150101714726275315e+00 -1.129978964838954103e-02 2.304103178497153570e-01
1.150101714726275315e+00 -1.129978964838954103e-02 2.304103178497153570e-01
1.150023506019360209e+00 -1.130299963947394189e-02 2.305262612037846659e-01
1.149869919048842393e+00 -1.130940900695329154e-02 2.307576836392276065e-01
1.149869919048842393e+00 -1.130940900695329154e-02 2.307576836392276065e-01
1.149794561221860745e+00 -1.131260675657593147e-02 2.308731045517756764e-01
1.149646612630064180e+00 -1.131899124309892687e-02 2.311034699430504213e-01
1.149646612630064180e+00 -1.131899124309892687e-02 2.311034699430504213e-01
1.149573995573926144e+00 -1.132217837873885323e-02 2.312184293330444285e-01
1.149431469724065291e+00 -1.132854121387288047e-02 2.314478584871885458e-01
1.149431469724065291e+00 -1.132854121387288047e-02 2.314478584871885458e-01
1.149361490940974395e+00 -1.133171933931561431e-02 2.315624162070584469e-01
1.149224187077522608e+00 -1.133806370574441842e-02 2.317910278255793100e-01
1.149224187077522608e+00 -1.133806370574441842e-02 2.317910278255793100e-01
1.149156751193122217e+00 -1.134123440451319589e-02 2.319052427967789598e-01
1.149024482498897104e+00 -1.134756344470804444e-02 2.321331537390809996e-01
1.149024482498897104e+00 -1.134756344470804444e-02 2.321331537390809996e-01
1.148959500819446200e+00 -1.135072828339940901e-02 2.322470840829676531e-01
1.148832093559156942e+00 -1.135704510611036319e-02 2.324744096209816202e-01
1.148832093559156942e+00 -1.135704510611036319e-02 2.324744096209816202e-01
1.148769483669689340e+00 -1.136020563764785982e-02 2.325881127856802844e-01
1.148646776412296067e+00 -1.136651332424408120e-02 2.328149668509334191e-01
1.148646776412296067e+00 -1.136651332424408120e-02 2.328149668509334191e-01
1.148586461812230342e+00 -1.136967109106504920e-02 2.329284997347261521e-01
1.148468304725413613e+00 -1.137597270174930779e-02 2.331549951588481884e-01
1.148468304725413613e+00 -1.137597270174930779e-02 2.331549951588481884e-01
1.148410214498398085e+00 -1.137912923893915490e-02 2.332684142307422381e-01
1.148296468709036233e+00 -1.138542781886355860e-02 2.334946629806401164e-01
1.148296468709036233e+00 -1.138542781886355860e-02 2.334946629806401164e-01
1.148240537224172630e+00 -1.138858465725411766e-02 2.336080243987733729e-01
1.148131074239399751e+00 -1.139488324257028999e-02 2.338341378077201105e-01
1.148131074239399751e+00 -1.139488324257028999e-02 2.338341378077201105e-01
1.148077240881458794e+00 -1.139804191181121792e-02 2.339474975359589204e-01
1.147971942065764805e+00 -1.140434353566867343e-02 2.341735865312466469e-01
1.147971942065764805e+00 -1.140434353566867343e-02 2.341735865312466469e-01
1.147920150992092658e+00 -1.140750556728883057e-02 2.342870004546946938e-01
1.147818907096083807e+00 -1.141381326581660319e-02 2.345131757832273622e-01
1.147818907096083807e+00 -1.141381326581660319e-02 2.345131757832273622e-01
1.147769107018284940e+00 -1.141698019628973292e-02 2.346266998231360534e-01
1.147671817755451684e+00 -1.142329701458644903e-02 2.348530722758875866e-01
1.147671817755451684e+00 -1.142329701458644903e-02 2.348530722758875866e-01
1.147623961744174137e+00 -1.142647038841046112e-02 2.349667625043992403e-01
1.147530535412483399e+00 -1.143279938656104402e-02 2.351934431405488801e-01
1.147530535412483399e+00 -1.143279938656104402e-02 2.351934431405488801e-01
1.147484580723759695e+00 -1.143598075936853690e-02 2.353073558959036249e-01
1.147394933869116063e+00 -1.144232501852072981e-02 2.355344562678574893e-01
1.147394933869116063e+00 -1.144232501852072981e-02 2.355344562678574893e-01
1.147350841790990117e+00 -1.144551596023119996e-02 2.356486482705113517e-01
1.147264898910142383e+00 -1.145187858875269284e-02 2.358762806506564669e-01
1.147264898910142383e+00 -1.145187858875269284e-02 2.358762806506564669e-01
1.147222634628418225e+00 -1.145508068678401277e-02 2.359908091209243497e-01
1.147140327909094815e+00 -1.146146482653310344e-02 2.362190867312914944e-01
1.147140327909094815e+00 -1.146146482653310344e-02 2.362190867312914944e-01
1.147099860391297410e+00 -1.146467968908260887e-02 2.363340095089243864e-01
1.147021129487828750e+00 -1.147108852181183587e-02 2.365630467545312976e-01
1.147021129487828750e+00 -1.147108852181183587e-02 2.365630467545312976e-01
1.146982431384532486e+00 -1.147431778122408666e-02 2.366784224208507426e-01
1.146907223227356054e+00 -1.148075453514921587e-02 2.369083351279190619e-01
1.146907223227356054e+00 -1.148075453514921587e-02 2.369083351279190619e-01
1.146870270790196544e+00 -1.148399985138656015e-02 2.370242231311285586e-01
1.146798539427937635e+00 -1.149046780795366651e-02 2.372551287913610141e-01
1.146798539427937635e+00 -1.149046780795366651e-02 2.372551287913610141e-01
1.146763312443794147e+00 -1.149373087218616939e-02 2.373715895755748873e-01
1.146695018916950470e+00 -1.150023337306525784e-02 2.376036075975195283e-01
1.146695018916950470e+00 -1.150023337306525784e-02 2.376036075975195283e-01
1.146661500657921717e+00 -1.150351591139264947e-02 2.377207027360362934e-01
1.146596612903435952e+00 -1.151005636572433218e-02 2.379539547045347314e-01
1.146596612903435952e+00 -1.151005636572433218e-02 2.379539547045347314e-01
1.146564790092248654e+00 -1.151336014305674726e-02 2.380717470382636980e-01
1.146503282878291508e+00 -1.151994203500257552e-02 2.383063569837356455e-01
1.146503282878291508e+00 -1.151994203500257552e-02 2.383063569837356455e-01
1.146473145669072879e+00 -1.152326885911099906e-02 2.384249107651874588e-01
1.146415000559913633e+00 -1.152989575572672606e-02 2.386610054435091277e-01
1.146415000559913633e+00 -1.152989575572672606e-02 2.386610054435091277e-01
1.146386542534225894e+00 -1.153324748148960507e-02 2.387803864872964366e-01
1.146331747885009689e+00 -1.153992304097402333e-02 2.390180956720902028e-01
1.146331747885009689e+00 -1.153992304097402333e-02 2.390180956720902028e-01
1.146304966063271591e+00 -1.154330157483863736e-02 2.391383715125796894e-01
1.146253517044956594e+00 -1.155002955519134587e-02 2.393778283011202268e-01
1.146253517044956594e+00 -1.155002955519134587e-02 2.393778283011202268e-01
1.146228411913404743e+00 -1.155343685988010835e-02 2.394990683583049229e-01
1.146180310568171601e+00 -1.156022112802659700e-02 2.397404094930877527e-01
1.146180310568171601e+00 -1.156022112802659700e-02 2.397404094930877527e-01
1.146156886121746377e+00 -1.156365922750834073e-02 2.398626852473915716e-01
1.146112141449631805e+00 -1.157050376893030592e-02 2.401060514546958236e-01
1.146112141449631805e+00 -1.157050376893030592e-02 2.401060514546958236e-01
1.146090405251235511e+00 -1.157397475368658439e-02 2.402294366317415386e-01
1.146049033328869982e+00 -1.158088368261313977e-02 2.404749729791406110e-01
1.146049033328869982e+00 -1.158088368261313977e-02 2.404749729791406110e-01
1.146028996585565674e+00 -1.158438971523479029e-02 2.405995437457403574e-01
1.145991020718124309e+00 -1.159136728546341158e-02 2.408474000209557542e-01
1.145991020718124309e+00 -1.159136728546341158e-02 2.408474000209557542e-01
1.145972698375057108e+00 -1.159491060660711864e-02 2.409732351933317751e-01
1.145938149282948348e+00 -1.160196122300825514e-02 2.412235663063155011e-01
1.145938149282948348e+00 -1.160196122300825514e-02 2.412235663063155011e-01
1.145921560135874318e+00 -1.160554415775217306e-02 2.413507475719297024e-01
1.145890476177884532e+00 -1.161267238853250228e-02 2.416037139827791891e-01
1.145890476177884532e+00 -1.161267238853250228e-02 2.416037139827791891e-01
1.145875643005376476e+00 -1.161629735317324351e-02 2.417323261372312793e-01
1.145848070440345090e+00 -1.162350794297603400e-02 2.419880943126872797e-01
1.145848070440345090e+00 -1.162350794297603400e-02 2.419880943126872797e-01
1.145835020156939610e+00 -1.162717745230952213e-02 2.421182255131821004e-01
1.145811013446416116e+00 -1.163447533623421237e-02 2.423769684145199721e-01
1.145811013446416116e+00 -1.163447533623421237e-02 2.423769684145199721e-01
1.145799777278148968e+00 -1.163819201137396633e-02 2.425087104517079095e-01
1.145779399432830914e+00 -1.164558233001228814e-02 2.427706080574123515e-01
1.145779399432830914e+00 -1.164558233001228814e-02 2.427706080574123515e-01
1.145770013116843344e+00 -1.164934890679962705e-02 2.429040566475463014e-01
1.145753336090045815e+00 -1.165683702239315653e-02 2.431692965144097163e-01
1.145753336090045815e+00 -1.165683702239315653e-02 2.431692965144097163e-01
1.145745840100195201e+00 -1.166065636046024166e-02 2.433045516138903908e-01
1.145732945232085909e+00 -1.166824787429105934e-02 2.435733294803999194e-01
1.145732945232085909e+00 -1.166824787429105934e-02 2.435733294803999194e-01
1.145727385032767387e+00 -1.167212296684435290e-02 2.437104956250775167e-01
1.145718363549611762e+00 -1.167982373798715640e-02 2.439830160615072685e-01
1.145718363549611762e+00 -1.167982373798715640e-02 2.439830160615072685e-01
1.145714789880299733e+00 -1.168375772239093474e-02 2.441222027334529476e-01
1.145709743453550367e+00 -1.169157388797220989e-02 2.443986798437223495e-01
1.145709743453550367e+00 -1.169157388797220989e-02 2.443986798437223495e-01
1.145708212646931567e+00 -1.169557005721712228e-02 2.445400018684523169e-01
1.145707254017678922e+00 -1.170350805434223693e-02 2.448206600492959517e-01
1.145707254017678922e+00 -1.170350805434223693e-02 2.448206600492959517e-01
1.145707828354645574e+00 -1.170756986948917264e-02 2.449642380265431019e-01
1.145711082029693628e+00 -1.171563645900210344e-02 2.452493127897079628e-01
1.145711082029693628e+00 -1.171563645900210344e-02 2.452493127897079628e-01
1.145713830134898803e+00 -1.171976756271546523e-02 2.453952735616914405e-01
1.145721433161565717e+00 -1.172796985500552600e-02 2.456850124265024249e-01
1.145721433161565717e+00 -1.172796985500552600e-02 2.456850124265024249e-01
1.145726430443775090e+00 -1.173217408629385720e-02 2.458334895877423154e-01
1.145738533271508208e+00 -1.174051956936317427e-02 2.461281530514955740e-01
1.145738533271508208e+00 -1.174051956936317427e-02 2.461281530514955740e-01
1.145745862413547034e+00 -1.174480097965636266e-02 2.462792875047070396e-01
1.145762629851508008e+00 -1.175329754969041927e-02 2.465791500992259855e-01
1.145762629851508008e+00 -1.175329754969041927e-02 2.465791500992259855e-01
1.145772381355289582e+00 -1.175766042041904297e-02 2.467330906629282561e-01
1.145793993636375685e+00 -1.176631641516193844e-02 2.470384421076886328e-01
1.145793993636375685e+00 -1.176631641516193844e-02 2.470384421076886328e-01
1.145806266429247877e+00 -1.177076527699754196e-02 2.471953461810716679e-01
1.145832920392386711e+00 -1.177958951222421446e-02 2.475064926429984546e-01
1.145832920392386711e+00 -1.177958951222421446e-02 2.475064926429984546e-01
1.145847822501934621e+00 -1.178412916618634329e-02 2.476665269351274179e-01
1.145879732906214254e+00 -1.179313097564816705e-02 2.479837924080574574e-01
1.145879732906214254e+00 -1.179313097564816705e-02 2.479837924080574574e-01
1.145897382211669369e+00 -1.179776651629474427e-02 2.481471337389142828e-01
1.145934783197719575e+00 -1.180695579553298590e-02 2.484708615563750722e-01
1.145934783197719575e+00 -1.180695579553298590e-02 2.484708615563750722e-01
1.145955308267310402e+00 -1.181169263648797207e-02 2.486376977385003073e-01
1.145998454983573112e+00 -1.182107989097798753e-02 2.489682522357458960e-01
1.145998454983573112e+00 -1.182107989097798753e-02 2.489682522357458960e-01
1.146021996008535826e+00 -1.182592379308516559e-02 2.491387830464715514e-01
1.146071166422616860e+00 -1.183552019123421811e-02 2.494765513898938580e-01
1.146071166422616860e+00 -1.183552019123421811e-02 2.494765513898938580e-01
1.146097876260178561e+00 -1.184047729366628603e-02 2.496509896455177402e-01
1.146153373178418144e+00 -1.185029472526046533e-02 2.499963838499431601e-01
1.146153373178418144e+00 -1.185029472526046533e-02 2.499963838499431601e-01
1.146183418517931374e+00 -1.185537157995867306e-02 2.501749565948401810e-01
1.146245571839760169e+00 -1.186542272073499125e-02 2.505284157521118216e-01
1.146245571839760169e+00 -1.186542272073499125e-02 2.505284157521118216e-01
1.146279134508402020e+00 -1.187062633061983057e-02 2.507113655779964478e-01
1.146348303746161701e+00 -1.188092471375398404e-02 2.510733583241908651e-01
1.146348303746161701e+00 -1.188092471375398404e-02 2.510733583241908651e-01
1.146385582173102158e+00 -1.188626257519636784e-02 2.512609448364453435e-01
1.146462159272520820e+00 -1.189682267058228549e-02 2.516319720879145461e-01
1.146462159272520820e+00 -1.189682267058228549e-02 2.516319720879145461e-01
1.146503370133602706e+00 -1.190230282072237029e-02 2.518244735392831668e-01
1.146587782635873465e+00 -1.191314012308933475e-02 2.522050715337504356e-01
1.146587782635873465e+00 -1.191314012308933475e-02 2.522050715337504356e-01
1.146633162704363995e+00 -1.191877119266607568e-02 2.524027866483415372e-01
1.146725877297093854e+00 -1.192990231970794332e-02 2.527935303317243587e-01
1.146725877297093854e+00 -1.192990231970794332e-02 2.527935303317243587e-01
1.146775685530379674e+00 -1.193569359217957863e-02 2.529967803463297749e-01
1.146877212042479277e+00 -1.194713639408044245e-02 2.533982871530345293e-01
1.146877212042479277e+00 -1.194713639408044245e-02 2.533982871530345293e-01
1.146931731939568433e+00 -1.195309787193681028e-02 2.536074181068716515e-01
1.147042627844073959e+00 -1.196487155386995009e-02 2.540203521882202220e-01
1.147042627844073959e+00 -1.196487155386995009e-02 2.540203521882202220e-01
1.147102170114945974e+00 -1.197101403320263713e-02 2.542357374980208085e-01
1.147223045614812253e+00 -1.198313929267247162e-02 2.546608144634900928e-01
1.147223045614812253e+00 -1.198313929267247162e-02 2.546608144634900928e-01
1.147287951209838841e+00 -1.198947444724153023e-02 2.548828578268474421e-01
1.147419474994460842e+00 -1.200197362842482171e-02 2.553208500728203489e-01
1.147419474994460842e+00 -1.200197362842482171e-02 2.553208500728203489e-01
1.147490118550790417e+00 -1.200851410467667843e-02 2.555499887501190281e-01
1.147633024326275120e+00 -1.202141137227857003e-02 2.560017314632250796e-01
1.147633024326275120e+00 -1.202141137227857003e-02 2.560017314632250796e-01
1.147709818098850310e+00 -1.202817089705611464e-02 2.562384399984518057e-01
1.147864912013989880e+00 -1.204149243267855704e-02 2.567048379374157197e-01
1.147864912013989880e+00 -1.204149243267855704e-02 2.567048379374157197e-01
1.147948310371457392e+00 -1.204848593565985976e-02 2.569496323884770117e-01
1.148116479483203722e+00 -1.206226016016743140e-02 2.574316675652212894e-01
1.148116479483203722e+00 -1.206226016016743140e-02 2.574316675652212894e-01
1.148206984064626512e+00 -1.206950391347148994e-02 2.576851103281244115e-01
1.148389206013886721e+00 -1.208376173948745927e-02 2.581838507314546671e-01
1.148389206013886721e+00 -1.208376173948745927e-02 2.581838507314546671e-01
1.148487371661331746e+00 -1.209127351735776214e-02 2.584465560594569333e-01
1.148684725762764369e+00 -1.210604863680761825e-02 2.589631655919442110e-01
1.148684725762764369e+00 -1.210604863680761825e-02 2.589631655919442110e-01
1.148791167368432120e+00 -1.211384789888473278e-02 2.592358059312745433e-01
1.149004847358017889e+00 -1.212917711145642709e-02 2.597715557630173588e-01
1.149004847358017889e+00 -1.212917711145642709e-02 2.597715557630173588e-01
1.149120247793108618e+00 -1.213728521382401865e-02 2.600548690504545513e-01
1.149351576525107665e+00 -1.215320880328326497e-02 2.606111506306821868e-01
1.149351576525107665e+00 -1.215320880328326497e-02 2.606111506306821868e-01
1.149476695854255270e+00 -1.216164924241676208e-02 2.609059487309479675e-01
1.149727142300395633e+00 -1.217821140921174911e-02 2.614842887505179347e-01
1.149727142300395633e+00 -1.217821140921174911e-02 2.614842887505179347e-01
1.149862828530102465e+00 -1.218701010503243053e-02 2.617914672489292105e-01
1.150134027507203838e+00 -1.220425946528466005e-02 2.623935449046997936e-01
1.150134027507203838e+00 -1.220425946528466005e-02 2.623935449046997936e-01
1.150281229173319320e+00 -1.221344509092468257e-02 2.627140945191911992e-01
1.150575004317736738e+00 -1.223143525404802798e-02 2.633417615061406925e-01
1.150575004317736738e+00 -1.223143525404802798e-02 2.633417615061406925e-01
1.150734785288418660e+00 -1.224103962168066918e-02 2.636767814438230606e-01
1.151053175910457860e+00 -1.225982986152277486e-02 2.643320851932796089e-01
1.151053175910457860e+00 -1.225982986152277486e-02 2.643320851932796089e-01
1.151226732871429181e+00 -1.226988837581574968e-02 2.646827988532968190e-01
1.151572025465912974e+00 -1.228954441347312847e-02 2.653680096495115714e-01
1.151572025465912974e+00 -1.228954441347312847e-02 2.653680096495115714e-01
1.151760708671634603e+00 -1.230009660709660731e-02 2.657357831743176191e-01
1.152135474043268992e+00 -1.232069152777837823e-02 2.664534259293867002e-01
1.152135474043268992e+00 -1.232069152777837823e-02 2.664534259293867002e-01
1.152340812066231956e+00 -1.233178169698417002e-02 2.668397902315073345e-01
1.152747949255731097e+00 -1.235339702840639216e-02 2.675926818772586535e-01
1.152747949255731097e+00 -1.235339702840639216e-02 2.675926818772586535e-01
1.152971678660901667e+00 -1.236507499145515429e-02 2.679993589346919003e-01
1.153414467151061995e+00 -1.238780197794438209e-02 2.687906526247021977e-01
1.153414467151061995e+00 -1.238780197794438209e-02 2.687906526247021977e-01
1.153658568275786278e+00 -1.240012398527811678e-02 2.692195870517234968e-01
1.154140730329080711e+00 -1.242406510010881163e-02 2.700528246595976234e-01
1.154140730329080711e+00 -1.242406510010881163e-02 2.700528246595976234e-01
1.154407470684020165e+00 -1.243709493327232324e-02 2.705062218433955668e-01
1.154933246145036119e+00 -1.246236568259349517e-02 2.713853966236383641e-01
1.154933246145036119e+00 -1.246236568259349517e-02 2.713853966236383641e-01
1.155225233396058870e+00 -1.247617598961127915e-02 2.718657690908796720e-01
1.155799469912606181e+00 -1.250290707509739419e-02 2.727954008530316110e-01
1.155799469912606181e+00 -1.250290707509739419e-02 2.727954008530316110e-01
1.156119717001681924e+00 -1.251758100440065156e-02 2.733056250342310034e-01
1.156747979428931261e+00 -1.254592092972338369e-02 2.742908508138239831e-01
1.156747979428931261e+00 -1.254592092972338369e-02 2.742908508138239831e-01
1.157099985201581749e+00 -1.256155414412833855e-02 2.748342370527727119e-01
1.157788689011479022e+00 -1.259167237358729645e-02 2.758809210817407265e-01
1.157788689011479022e+00 -1.259167237358729645e-02 2.758809210817407265e-01
1.158176538825899549e+00 -1.260837555229225165e-02 2.764613006646048921e-01
1.158933113732063980e+00 -1.264046636012236720e-02 2.775761685109348065e-01
1.158933113732063980e+00 -1.264046636012236720e-02 2.775761685109348065e-01
1.159361606061051431e+00 -1.265836833335663540e-02 2.781980027756922880e-01
1.160194697905001959e+00 -1.269265552192893817e-02 2.793888059275968505e-01
1.160194697905001959e+00 -1.269265552192893817e-02 2.793888059275968505e-01
1.160669505086046716e+00 -1.271190723381690132e-02 2.800573243018710801e-01
1.161589226444076361e+00 -1.274864995030953151e-02 2.813330432950823523e-01
1.161589226444076361e+00 -1.274864995030953151e-02 2.813330432950823523e-01
1.162117100778957468e+00 -1.276942951779248131e-02 2.820544196501700851e-01
1.163135343950588041e+00 -1.280892946636198217e-02 2.834255162405173167e-01
1.163135343950588041e+00 -1.280892946636198217e-02 2.834255162405173167e-01
1.163724384717866434e+00 -1.283144870506997860e-02 2.842070965731917087e-01
1.164855214951103557e+00 -1.287405913805979643e-02 2.856858285501301387e-01
1.164855214951103557e+00 -1.287405913805979643e-02 2.856858285501301387e-01
1.165515218247635154e+00 -1.289857207576510477e-02 2.865364282760536896e-01
1.166775370528396971e+00 -1.294470905785890906e-02 2.881372444832834279e-01
1.166775370528396971e+00 -1.294470905785890906e-02 2.881372444832834279e-01
1.167518293218106740e+00 -1.297152317600859181e-02 2.890675413748931000e-01
1.168927802898902524e+00 -1.302167975006665417e-02 2.908075793957359823e-01
1.168927802898902524e+00 -1.302167975006665417e-02 2.908075793957359823e-01
1.169768385962682400e+00 -1.305117102195005319e-02 2.918306397762315818e-01
1.171351391951491072e+00 -1.310593505934845755e-02 2.937303544144905243e-01
1.171351391951491072e+00 -1.310593505934845755e-02 2.937303544144905243e-01
1.172308009822034869e+00 -1.313856835001558400e-02 2.948623477682836280e-01
1.174093778314363234e+00 -1.319864501566575185e-02 2.969463040675018872e-01
1.174093778314363234e+00 -1.319864501566575185e-02 2.969463040675018872e-01
1.175189613612535044e+00 -1.323500217154562932e-02 2.982074882301641860e-01
1.177213837943612340e+00 -1.330124199965033137e-02 3.005053558264830782e-01
1.177213837943612340e+00 -1.330124199965033137e-02 3.005053558264830782e-01
1.178478532423478997e+00 -1.334206114510424340e-02 3.019214570879100723e-01
1.180784963528021647e+00 -1.341549451463223096e-02 3.044692366568736985e-01
1.180784963528021647e+00 -1.341549451463223096e-02 3.044692366568736985e-01
1.182256977564980716e+00 -1.346172595124183261e-02 3.060734158595481702e-01
1.184899411649008139e+00 -1.354360380005597067e-02 3.089148971372422947e-01
1.184899411649008139e+00 -1.354360380005597067e-02 3.089148971372422947e-01
1.186629455402129718e+00 -1.359649090473281918e-02 3.107505997072205206e-01
1.189674005873934126e+00 -1.368832870438676727e-02 3.139389550708031607e-01
1.189674005873934126e+00 -1.368832870438676727e-02 3.139389550708031607e-01
1.191730116362773595e+00 -1.374952704170418968e-02 3.160641150398889598e-01
1.195257416043459697e+00 -1.385314168690264351e-02 3.196632793366316339e-01
1.195257416043459697e+00 -1.385314168690264351e-02 3.196632793366316339e-01
1.197732594055889166e+00 -1.392489726606520317e-02 3.221566239301982826e-01
1.201838844193829470e+00 -1.404240821196213289e-02 3.262414757268241039e-01
1.207721279459798680e+00 -1.420782580535850242e-02 3.319952726863495962e-01
1.214707817946241164e+00 -1.440048120550593835e-02 3.387022550806464416e-01
1.221973497871568837e+00 -1.459715673858756613e-02 3.455559759403245002e-01
1.229297892804213532e+00 -1.479224362045256438e-02 3.523613991427736458e-01
1.236665985897368758e+00 -1.498577139114237906e-02 3.591195696788383462e-01
1.244071372527408403e+00 -1.517792577633223644e-02 3.658369106325725095e-01
1.251508826705288735e+00 -1.536886309374365343e-02 3.725187759736582893e-01
1.258974033831534278e+00 -1.555871591922987698e-02 3.791696603269822941e-01
1.266463398156006948e+00 -1.574759757497871601e-02 3.857933645034061776e-01
1.273973897914701725e+00 -1.593560561451803567e-02 3.923931237860321941e-01
1.281502974700377218e+00 -1.612282456056585850e-02 3.989717085144366404e-01
1.289048447840448919e+00 -1.630932807895083339e-02 4.055315037862783356e-01
1.296608447327401548e+00 -1.649518072172199631e-02 4.120745732222794167e-01
1.304181360707292736e+00 -1.668043933741994791e-02 4.186027104312446956e-01
1.311765790604287218e+00 -1.686515422150839869e-02 4.251174808830732732e-01
1.319360520444437412e+00 -1.704937006205591368e-02 4.316202562299272238e-01
1.326964486567662416e+00 -1.723312672261024386e-02 4.381122426293606598e-01
1.334576755365619372e+00 -1.741645989455154961e-02 4.445945042647187484e-01
1.342196504409239655e+00 -1.759940164401642415e-02 4.510679829909723937e-01
1.349823006769631739e+00 -1.778198087306251396e-02 4.575335148329593982e-01
1.357455617914584023e+00 -1.796422371061080769e-02 4.639918439100336744e-01
1.365093764697162149e+00 -1.814615384550361324e-02 4.704436342437642304e-01
1.372736936054886447e+00 -1.832779281159921045e-02 4.768894798144933111e-01
1.380384675116121729e+00 -1.850916023289838480e-02 4.833299131617579403e-01
1.388036572470757068e+00 -1.869027403519061062e-02 4.897654127679054170e-01
1.395692260409351793e+00 -1.887115062952404720e-02 4.961964094201959385e-01
1.403351407971885623e+00 -1.905180507184480940e-02 5.026232917116356669e-01
1.411013716676513541e+00 -1.923225120240346087e-02 5.090464108126534493e-01
1.418678916821993541e+00 -1.941250176790352416e-02 5.154660846230946225e-01
1.426346764276108292e+00 -1.959256852887722791e-02 5.218826013956364696e-01
1.434017037677428386e+00 -1.977246235436823374e-02 5.282962229067718063e-01
1.441689535989926441e+00 -1.995219330566665519e-02 5.347071872392734626e-01
1.449364076359882958e+00 -2.013177071057902293e-02 5.411157112299621597e-01
1.457040492232634543e+00 -2.031120322947317994e-02 5.475219926282909322e-01
1.464718631693382012e+00 -2.049049891415907071e-02 5.539262120043633164e-01
1.472398356001801689e+00 -2.066966526052051514e-02 5.603285344392431311e-01
1.480079538294772012e+00 -2.084870925566587041e-02 5.667291110256149622e-01
1.487762062435335597e+00 -2.102763742026955707e-02 5.731280802028276833e-01
1.495445821989203061e+00 -2.120645584667834455e-02 5.795255689469560600e-01
1.503130719312780306e+00 -2.138517023327642791e-02 5.859216938336510028e-01
1.510816664738948489e+00 -2.156378591553823054e-02 5.923165619891220812e-01
1.518503575848725307e+00 -2.174230789414549267e-02 5.987102719425392294e-01
1.526191376818553769e+00 -2.192074086049307022e-02 6.051029143913754238e-01
1.533879997834329822e+00 -2.209908921986533659e-02 6.114945728897134281e-01
1.541569374564446093e+00 -2.227735711253698778e-02 6.178853244682595003e-01
1.549259447685134461e+00 -2.245554843301196882e-02 6.242752401936936257e-01
1.556950162452239272e+00 -2.263366684759470643e-02 6.306643856740417053e-01
1.564641468314290185e+00 -2.281171581046327959e-02 6.370528215159324548e-01
1.572333318562380233e+00 -2.298969857839415834e-02 6.434406037388902266e-01
1.580025670012898287e+00 -2.316761822427128303e-02 6.498277841512049013e-01
1.587718482719640445e+00 -2.334547764949618243e-02 6.562144106913809782e-01
1.595411719712237053e+00 -2.352327959540416805e-02 6.626005277387032599e-01
1.603105346758186389e+00 -2.370102665377991913e-02 6.689861763960557317e-01
1.610799332146099383e+00 -2.387872127655610993e-02 6.753713947477723023e-01
1.618493646488031290e+00 -2.405636578476803497e-02 6.817562180949872097e-01
1.626188262539013607e+00 -2.423396237683243457e-02 6.881406791706821124e-01
1.633883155032108014e+00 -2.441151313620829391e-02 6.945248083363890768e-01
1.641578300527486878e+00 -2.458902003849530379e-02 7.009086337622971730e-01
1.649273677274205818e+00 -2.476648495801721250e-02 7.072921815923230993e-01
1.656969265083474641e+00 -2.494390967393308664e-02 7.136754760955474897e-01
1.664665045212359251e+00 -2.512129587591668128e-02 7.200585398052689046e-01
1.672361000256959329e+00 -2.529864516943909625e-02 7.264413936467994937e-01
1.680057114054199330e+00 -2.547595908068795573e-02 7.328240570550182964e-01
1.687753371591462104e+00 -2.565323906115101957e-02 7.392065480825891211e-01
1.695449758923370354e+00 -2.583048649189021925e-02 7.455888834996647896e-01
1.703146263095087320e+00 -2.600770268753109515e-02 7.519710788858201544e-01
1.710842872071574039e+00 -2.618488889999036340e-02 7.583531487148800210e-01
1.718539574672289127e+00 -2.636204632196046532e-02 7.647351064332492676e-01
1.726236360510870149e+00 -2.653917609016974780e-02 7.711169645322929478e-01
1.733933219939378878e+00 -2.671627928843512551e-02 7.774987346152624212e-01
1.741630143996728997e+00 -2.689335695052140138e-02 7.838804274592193755e-01
1.749327124360952501e+00 -2.707041006282275702e-02 7.902620530723669656e-01
1.757024153304991287e+00 -2.724743956687855628e-02 7.966436207471607744e-01
1.764721223655729476e+00 -2.742444636173511224e-02 8.030251391095389879e-01
1.772418328756006245e+00 -2.760143130616497104e-02 8.094066161645808721e-01
1.780115462429373574e+00 -2.777839522075145964e-02 8.157880593388754376e-01
1.787812618947381971e+00 -2.795533888985043958e-02 8.221694755198580840e-01
1.795509792999197662e+00 -2.813226306343645511e-02 8.285508710923508158e-01
1.803206979663371401e+00 -2.830916845884037455e-02 8.349322519725206337e-01
1.810904174381592791e+00 -2.848605576238726761e-02 8.413136236394532785e-01
1.818601372934280480e+00 -2.866292563094013229e-02 8.476949911645237368e-01
1.833226045514041225e+00 -2.899893282746440412e-02 8.598195963580014256e-01
1.859696620953330992e+00 -2.960696566046723890e-02 8.817652344659872021e-01
1.903534058567976528e+00 -3.061358093451644821e-02 9.181099971911581559e-01
1.966240480199013652e+00 -3.205289071445029808e-02 9.701019299784663374e-01
2.040563501042086170e+00 -3.375817067618766543e-02 1.031731744239084314e+00
2.117434806250815260e+00 -3.552137170256500220e-02 1.095482250748556652e+00
2.194393003320295410e+00 -3.728617117906658091e-02 1.159312444048726798e+00
2.271347820183276411e+00 -3.905061107018747979e-02 1.223146940260212867e+00
2.348299481658286059e+00 -4.081477422151378459e-02 1.286985247875120475e+00
2.425248333683039714e+00 -4.257872288319731330e-02 1.350826947828261959e+00
2.502194706365397980e+00 -4.434250314603570275e-02 1.414671640692264809e+00
2.579138900886187358e+00 -4.610614959669016161e-02 1.478518962313423835e+00
2.656081185242642473e+00 -4.786968851528761865e-02 1.542368588831793952e+00
2.733021794471742538e+00 -4.963314010512016872e-02 1.606220236331596496e+00
2.809960932988798454e+00 -5.139652006917751897e-02 1.670073657964214808e+00
2.886898777772782143e+00 -5.315984073931286080e-02 1.733928640066696003e+00
2.963835481734760524e+00 -5.492311189478023270e-02 1.797784998071175089e+00
3.040771176939280895e+00 -5.668634136232950094e-02 1.861642572599892187e+00
3.117705977530879302e+00 -5.844953546084502571e-02 1.925501225921638637e+00
3.194639982315651050e+00 -6.021269933411223241e-02 1.989360838828290401e+00
3.271573276998343438e+00 -6.197583720222846898e-02 2.053221307929669948e+00
3.348505936099710478e+00 -6.373895255326172959e-02 2.117082543336058720e+00
3.425438024588786767e+00 -6.550204829060650435e-02 2.180944466685975858e+00
3.502369599267020295e+00 -6.726512684720063751e-02 2.244807009474255821e+00
3.579300709939634118e+00 -6.902819027474385583e-02 2.308670111637471489e+00
3.656231400406278365e+00 -7.079124031390410243e-02 2.372533720357827836e+00
3.733161709299106512e+00 -7.255427844995426812e-02 2.436397789051451213e+00
3.810091670792484120e+00 -7.431730595716212751e-02 2.500262276511767467e+00
3.887021315204901573e+00 -7.608032393443510399e-02 2.564127146183086126e+00
3.963950669510418301e+00 -7.784333333411970479e-02 2.627992365543436293e+00
4.040879757774169967e+00 -7.960633498541076769e-02 2.691857905579090104e+00
4.117808601524076906e+00 -8.136932961348664062e-02 2.755723740336102789e+00
4.194737220068889272e+00 -8.313231785523615691e-02 2.819589846536633804e+00
4.271665630771003030e+00 -8.489530027225351827e-02 2.883456203249849636e+00
4.348593849281094492e+00 -8.665827736162916295e-02 2.947322791608904868e+00
4.425521889740450021e+00 -8.842124956495424348e-02 3.011189594566905381e+00
4.502449764955898992e+00 -9.018421727586974079e-02 3.075056596685926458e+00
4.579377486551458709e+00 -9.194718084642390654e-02 3.138923783954127966e+00
4.656305065100134755e+00 -9.371014059244943406e-02 3.202791143626808168e+00
4.733232510238772228e+00 -9.547309679812998606e-02 3.266658664087904285e+00
4.810159830768390599e+00 -9.723604971989417700e-02 3.330526334729003946e+00
4.887087034742055636e+00 -9.899899958974928138e-02 3.394394145843387722e+00
4.964014129542026588e+00 -1.007619466181451234e-01 3.458262088533006651e+00
5.040941121947648540e+00 -1.025248909964433103e-01 3.522130154626621046e+00
5.117868018195244950e+00 -1.042878328990541198e-01 3.585998336607590264e+00
5.194794824031068181e+00 -1.060507724852916972e-01 3.649866627550029552e+00
5.271721544758221079e+00 -1.078137099009894573e-01 3.713735021062241071e+00
5.348648185278325862e+00 -1.095766452799112056e-01 3.777603511236477640e+00
5.425574750128606460e+00 -1.113395787449877744e-01 3.841472092604234945e+00
5.502501243514959839e+00 -1.131025104094035560e-01 3.905340760096385644e+00
5.579427669341503027e+00 -1.148654403775538485e-01 3.969209509007556314e+00
5.656354031237029290e+00 -1.166283687458907203e-01 4.033078334964233846e+00
5.733280332578742033e+00 -1.183912956036722447e-01 4.096947233896155005e+00
5.810206576513580856e+00 -1.201542210336276617e-01 4.160816202010600762e+00
5.887132765977422189e+00 -1.219171451125494049e-01 4.224685235769249481e+00
5.964058903712395221e+00 -1.236800679118214286e-01 4.288554331867302061e+00
6.040984992282525390e+00 -1.254429894978914550e-01 4.352423487214625020e+00
6.117911034087890165e+00 -1.272059099326941223e-01 4.416292698918689474e+00
6.194837031377446124e+00 -1.289688292740309716e-01 4.480161964269107067e+00
6.271762986260676520e+00 -1.307317475759122438e-01 4.544031280723590527e+00
6.348688900718178374e+00 -1.324946648888650769e-01 4.607900645895194103e+00
6.425614776611300982e+00 -1.342575812602117002e-01 4.671770057540696186e+00
6.502540615690932668e+00 -1.360204967343212334e-01 4.735639513550004231e+00
6.579466419605525473e+00 -1.377834113528379478e-01 4.799509011936484271e+00
6.656392189908431511e+00 -1.395463251548883232e-01 4.863378550828121760e+00
6.733317928064615820e+00 -1.413092381772694528e-01 4.927248128459424947e+00
6.810243635456813216e+00 -1.430721504546205725e-01 4.991117743164006804e+00
6.887169313391177106e+00 -1.448350620195795746e-01 5.054987393367778026e+00
6.964094963102469116e+00 -1.465979729029259770e-01 5.118857077582688930e+00
7.041020585758834827e+00 -1.483608831337116518e-01 5.182726794400975834e+00
7.117946182466198479e+00 -1.501237927393806182e-01 5.246596542489862181e+00
7.194871754272321951e+00 -1.518867017458789548e-01 5.310466320586670008e+00
7.271797302170542210e+00 -1.536496101777557188e-01 5.374336127494308890e+00
7.348722827103232547e+00 -1.554125180582558163e-01 5.438205962077111266e+00
7.425648329964999128e+00 -1.571754254094055170e-01 5.502075823256976861e+00
7.502573811605641296e+00 -1.589383322520911135e-01 5.565945710009803982e+00
7.579499272832896928e+00 -1.607012386061316966e-01 5.629815621362181943e+00
7.656424714414987953e+00 -1.624641444903464349e-01 5.693685556388322411e+00
7.733350137082982911e+00 -1.642270499226166913e-01 5.757555514207213676e+00
7.810275541532992527e+00 -1.659899549199435886e-01 5.821425493979972998e+00
7.887200928428214297e+00 -1.677528594985013000e-01 5.885295494907381908e+00
7.964126298400834081e+00 -1.695157636736865647e-01 5.949165516227594708e+00
8.041051652053797127e+00 -1.712786674601647352e-01 6.013035557214005955e+00
nan nan nan
nan nan nan
nan nan nan
nan nan nan
nan nan nan
nan nan nan
nan nan nan
nan nan nan
nan nan nan
nan nan nan
nan nan nan
nan nan nan
nan nan nan
nan nan nan
nan nan nan
nan nan nan
nan nan nan
nan nan nan
nan nan nan
nan nan nan
nan nan nan
nan nan nan
nan nan nan
nan nan nan
nan nan nan
nan nan nan
nan nan nan
nan nan nan
nan nan nan
nan nan nan
nan nan nan
nan nan nan
nan nan nan
nan nan nan
nan nan nan
nan nan nan
nan nan nan
nan nan nan
nan nan nan
nan nan nan
nan nan nan
nan nan nan
nan nan nan
nan nan nan
nan nan nan
nan nan nan
nan nan nan
nan nan nan
nan nan nan
nan nan nan
nan nan nan
nan nan nan
nan nan nan
nan nan nan
nan nan nan
nan nan nan
nan nan nan
nan nan nan
nan nan nan
nan nan nan
nan nan nan
nan nan nan
nan nan nan
nan nan nan
nan nan nan
nan nan nan
nan nan nan
nan nan nan
nan nan nan
nan nan nan
nan nan nan
nan nan nan
nan nan nan
nan nan nan
nan nan nan
nan nan nan
nan nan nan
nan nan nan
nan nan nan
nan nan nan
nan nan nan
nan nan nan
nan nan nan
nan nan nan
nan nan nan
nan nan nan
nan nan nan
nan nan nan
nan nan nan
nan nan nan
nan nan nan
nan nan nan
nan nan nan
nan nan nan
nan nan nan
nan nan nan
nan nan nan
nan nan nan
nan nan nan
nan nan nan
nan nan nan
nan nan nan
nan nan nan
nan nan nan
nan nan nan
nan nan nan
nan nan nan
nan nan nan
nan nan nan
nan nan nan
nan nan nan
nan nan nan
nan nan nan
nan nan nan
nan nan nan
nan nan nan
nan nan nan
nan nan nan
nan nan nan
nan nan nan
nan nan nan
nan nan nan
nan nan nan
nan nan nan
nan nan nan
nan nan nan
nan nan nan
nan nan nan
nan nan nan
nan nan nan
nan nan nan
nan nan nan
nan nan nan
nan nan nan
nan nan nan
nan nan nan
nan nan nan
nan nan nan
nan nan nan
nan nan nan
nan nan nan
nan nan nan
nan nan nan
nan nan nan
nan nan nan
nan nan nan
nan nan nan
nan nan nan
nan nan nan
nan nan nan
nan nan nan
nan nan nan
nan nan nan
nan nan nan
nan nan nan
nan nan nan
nan nan nan
nan nan nan
nan nan nan
nan nan nan
nan nan nan
nan nan nan
nan nan nan
nan nan nan
nan nan nan
nan nan nan
nan nan nan
nan nan nan
nan nan nan
nan nan nan
nan nan nan
nan nan nan
nan nan nan
nan nan nan
nan nan nan
nan nan nan
nan nan nan
nan nan nan
nan nan nan
nan nan nan
nan nan nan
nan nan nan
nan nan nan
nan nan nan
nan nan nan
nan nan nan
nan nan nan
nan nan nan
nan nan nan
nan nan nan
nan nan nan
nan nan nan
nan nan nan
nan nan nan
nan nan nan
nan nan nan
nan nan nan
nan nan nan
nan nan nan
nan nan nan
nan nan nan
nan nan nan
nan nan nan
nan nan nan
nan nan nan
nan nan nan
nan nan nan
nan nan nan
nan nan nan
nan nan nan
nan nan nan
nan nan nan
nan nan nan
nan nan nan
nan nan nan
nan nan nan
nan nan nan
nan nan nan
nan nan nan
nan nan nan
nan nan nan
nan nan nan
nan nan nan
nan nan nan
nan nan nan
nan nan nan
nan nan nan
nan nan nan
nan nan nan
nan nan nan
nan nan nan
nan nan nan
nan nan nan
nan nan nan
nan nan nan
