# X Y Z
9.879565341882273088e+00 -9.540485332969394702e-03 6.392125173449842990e-01
9.779565827547026302e+00 -9.545136473273631295e-03 6.395241438545855583e-01
9.679566313212028206e+00 -9.549787613649987281e-03 6.398357704444717076e-01
9.579566798877287681e+00 -9.554438754101866188e-03 6.401473971172375599e-01
9.479567284542815386e+00 -9.559089894632877976e-03 6.404590238755930587e-01
9.379567770208618427e+00 -9.563741035246847710e-03 6.407706507223698278e-01
9.279568255874705685e+00 -9.568392175947834644e-03 6.410822776605281659e-01
9.179568741541087817e+00 -9.573043316740154768e-03 6.413939046931645960e-01
9.079569227207773707e+00 -9.577694457628394692e-03 6.417055318235199701e-01
8.979569712874775789e+00 -9.582345598617434193e-03 6.420171590549883511e-01
8.879570198542104720e+00 -9.586996739712470503e-03 6.423287863911262274e-01
8.779570684209771159e+00 -9.591647880919040858e-03 6.426404138356625051e-01
8.679571169877787540e+00 -9.596299022243053728e-03 6.429520413925094990e-01
8.579571655546166298e+00 -9.600950163690820036e-03 6.432636690657745904e-01
8.479572141214921643e+00 -9.605601305269082651e-03 6.435752968597729939e-01
8.379572626884067788e+00 -9.610252446985054556e-03 6.438869247790414141e-01
8.279573112553618941e+00 -9.614903588846462207e-03 6.441985528283526996e-01
8.179573598223591091e+00 -9.619554730861588909e-03 6.445101810127318309e-01
8.079574083894000225e+00 -9.624205873039325121e-03 6.448218093374735727e-01
7.979574569564863218e+00 -9.628857015389222229e-03 6.451334378081614584e-01
7.879575055236199610e+00 -9.633508157921556736e-03 6.454450664306881080e-01
7.779575540908028941e+00 -9.638159300647396177e-03 6.457566952112779868e-01
7.679576026580371639e+00 -9.642810443578673715e-03 6.460683241565118307e-01
7.579576512253249021e+00 -9.647461586728278346e-03 6.463799532733532915e-01
7.479576997926684179e+00 -9.652112730110145103e-03 6.466915825691784692e-01
7.379577483600701981e+00 -9.656763873739360876e-03 6.470032120518082186e-01
7.279577969275327298e+00 -9.661415017632287577e-03 6.473148417295435664e-01
7.179578454950587663e+00 -9.666066161806693979e-03 6.476264716112046793e-01
7.079578940626513273e+00 -9.670717306281906636e-03 6.479381017061737191e-01
6.979579426303135214e+00 -9.675368451078983356e-03 6.482497320244426930e-01
6.879579911980486351e+00 -9.680019596220902287e-03 6.485613625766660784e-01
6.779580397658601321e+00 -9.684670741732783958e-03 6.488729933742191092e-01
6.679580883337518316e+00 -9.689321887642144554e-03 6.491846244292633905e-01
6.579581369017279080e+00 -9.693973033979175202e-03 6.494962557548190629e-01
6.479581854697926246e+00 -9.698624180777071571e-03 6.498078873648459597e-01
6.379582340379506000e+00 -9.703275328072408570e-03 6.501195192743349782e-01
6.279582826062069856e+00 -9.707926475905570562e-03 6.504311514994099985e-01
6.179583311745671992e+00 -9.712577624321245759e-03 6.507427840574431244e-01
6.079583797430370140e+00 -9.717228773369000414e-03 6.510544169671850234e-01
5.979584283116227361e+00 -9.721879923103946691e-03 6.513660502489123649e-01
5.879584768803312045e+00 -9.726531073587514620e-03 6.516776839245955744e-01
5.779585254491698798e+00 -9.731182224888357615e-03 6.519893180180903469e-01
5.679585740181468445e+00 -9.735833377083410664e-03 6.523009525553564725e-01
5.579586225872708916e+00 -9.740484530259135854e-03 6.526125875647091901e-01
5.479586711565517021e+00 -9.745135684512989949e-03 6.529242230771091782e-01
5.379587197259999343e+00 -9.749786839955160850e-03 6.532358591264976200e-01
5.279587682956271344e+00 -9.754437996710633649e-03 6.535474957501854476e-01
5.179588168654460922e+00 -9.759089154921646997e-03 6.538591329893072013e-01
5.079588654354710187e+00 -9.763740314750640401e-03 6.541707708893521600e-01
4.979589140057176344e+00 -9.768391476383796526e-03 6.544824095007892861e-01
4.879589625762035254e+00 -9.773042640035312090e-03 6.547940488798051906e-01
4.779590111469482316e+00 -9.777693805952582945e-03 6.551056890891796547e-01
4.679590597179736911e+00 -9.782344974422509803e-03 6.554173301993296841e-01
4.579591082893045950e+00 -9.786996145779216019e-03 6.557289722895607298e-01
4.479591568609688323e+00 -9.791647320413536526e-03 6.560406154495733722e-01
4.379592054329981998e+00 -9.796298498784734160e-03 6.563522597812880832e-01
4.279592540054290239e+00 -9.800949681435040112e-03 6.566639054010672272e-01
4.179593025783029603e+00 -9.805600869007807807e-03 6.569755524424355508e-01
4.079593511516679705e+00 -9.810252062270286358e-03 6.572872010594313918e-01
3.979593997255797433e+00 -9.814903262142347581e-03 6.575988514307600230e-01
3.879594483001032934e+00 -9.819554469732948154e-03 6.579105037649733978e-01
3.779594968753149598e+00 -9.824205686386673977e-03 6.582221583069721715e-01
3.679595454513049813e+00 -9.828856913743527421e-03 6.585338153462227950e-01
3.579595940281806943e+00 -9.833508153816219663e-03 6.588454752272145942e-01
3.479596426060708403e+00 -9.838159409090772509e-03 6.591571383628640479e-01
3.379596911851308505e+00 -9.842810682658357374e-03 6.594688052518253851e-01
3.279597397655499069e+00 -9.847461978389315806e-03 6.597804765010201189e-01
3.179597883475601794e+00 -9.852113301164594147e-03 6.600921528551947359e-01
3.079598369314489936e+00 -9.856764657185934642e-03 6.604038352360229736e-01
2.979598855175751293e+00 -9.861416054395010650e-03 6.607155247942853027e-01
2.879599341063907136e+00 -9.866067503044560066e-03 6.610272229801268384e-01
2.779599826984709754e+00 -9.870719016483545452e-03 6.613389316385458461e-01
2.679600312945551455e+00 -9.875370612246523946e-03 6.616506531404455771e-01
2.579600798956031671e+00 -9.880022313579693918e-03 6.619623905643299278e-01
2.479601285028751878e+00 -9.884674151600335995e-03 6.622741479509037799e-01
2.379601771180441361e+00 -9.889326168385070143e-03 6.625859306638203217e-01
2.279602257433571477e+00 -9.893978421436102483e-03 6.628977459068350342e-01
2.179602743818701338e+00 -9.898630990217429163e-03 6.632096034743821811e-01
2.079603230377927936e+00 -9.903283985843235743e-03 6.635215168553232346e-01
1.979603717170036026e+00 -9.907937565640703020e-03 6.638335048791712545e-01
1.879604204278308099e+00 -9.912591955387224305e-03 6.641455942099214749e-01
1.779604691822583407e+00 -9.917247483902822888e-03 6.644578231912994237e-01
1.769604740605413395e+00 -9.917713111591550113e-03 6.644890551846979188e-01
1.759604789394466628e+00 -9.918178755833962842e-03 6.645202891703976267e-01
1.749604838189963596e+00 -9.918644417245400455e-03 6.645515252188085586e-01
1.739604886992133670e+00 -9.919110096467141646e-03 6.645827634032149822e-01
1.729604935801215770e+00 -9.919575794167641292e-03 6.646140037999085370e-01
1.719604984617458587e+00 -9.920041511043840160e-03 6.646452464883286781e-01
1.709605033441121025e+00 -9.920507247822545754e-03 6.646764915512101135e-01
1.699605082272473089e+00 -9.920973005261889480e-03 6.647077390747382353e-01
1.689605131111796110e+00 -9.921438784152874016e-03 6.647389891487135438e-01
1.679605179959383188e+00 -9.921904585320998754e-03 6.647702418667246205e-01
1.669605228815540077e+00 -9.922370409627984111e-03 6.648014973263305372e-01
1.659605277680585411e+00 -9.922836257973603399e-03 6.648327556292537022e-01
1.649605326554851592e+00 -9.923302131297613571e-03 6.648640168815834750e-01
1.639605375438685675e+00 -9.923768030581809133e-03 6.648952811939914387e-01
1.629605424332449815e+00 -9.924233956852197489e-03 6.649265486819587734e-01
1.619605473236521931e+00 -9.924699911181309592e-03 6.649578194660172858e-01
1.609605522151296597e+00 -9.925165894690656312e-03 6.649890936720043166e-01
1.599605571077186150e+00 -9.925631908553337462e-03 6.650203714313326353e-01
1.589605620014621357e+00 -9.926097953996822557e-03 6.650516528812771000e-01
1.579605668964052523e+00 -9.926564032305910251e-03 6.650829381652781924e-01
1.569605717925950161e+00 -9.927030144825880337e-03 6.651142274332644266e-01
1.559605766900806323e+00 -9.927496292965860836e-03 6.651455208419950749e-01
1.549605815889136151e+00 -9.927962478202422350e-03 6.651768185554242097e-01
1.539605864891478548e+00 -9.928428702083417004e-03 6.652081207450882827e-01
1.529605913908397508e+00 -9.928894966232094943e-03 6.652394275905189058e-01
1.519605962940483890e+00 -9.929361272351507062e-03 6.652707392796824992e-01
1.509606011988356755e+00 -9.929827622229223452e-03 6.653020560094493607e-01
1.499606061052664696e+00 -9.930294017742400531e-03 6.653333779860944874e-01
1.489606110134088057e+00 -9.930760460863229805e-03 6.653647054258330362e-01
1.479606159233340268e+00 -9.931226953664797769e-03 6.653960385553928658e-01
1.469606208351169840e+00 -9.931693498327391623e-03 6.654273776126276019e-01
1.459606257488363035e+00 -9.932160097145308064e-03 6.654587228471738891e-01
1.449606306645745857e+00 -9.932626752534199840e-03 6.654900745211564939e-01
1.439606355824186057e+00 -9.933093467039012109e-03 6.655214329099460313e-01
1.429606405024595794e+00 -9.933560243342579726e-03 6.655527983029734251e-01
1.419606454247934968e+00 -9.934027084274942715e-03 6.655841710046068727e-01
1.409606503495214103e+00 -9.934493992823451025e-03 6.656155513350976438e-01
1.399606552767497680e+00 -9.934960972143752275e-03 6.656469396316002651e-01
1.389606602065907248e+00 -9.935428025571737057e-03 6.656783362492749712e-01
1.379606651391625416e+00 -9.935895156636552830e-03 6.657097415624806391e-01
1.369606700745900296e+00 -9.936362369074811310e-03 6.657411559660668665e-01
1.359606750130049946e+00 -9.936829666846102097e-03 6.657725798767758496e-01
1.349606799545467251e+00 -9.937297054149965211e-03 6.658040137347648324e-01
1.339606848993625254e+00 -9.937764535444480393e-03 6.658354580052617822e-01
1.329606898476082932e+00 -9.938232115466660507e-03 6.658669131803690577e-01
1.319606947994491630e+00 -9.938699799254853764e-03 6.658983797810299476e-01
1.309606997550601948e+00 -9.939167592173383733e-03 6.659298583591763965e-01
1.299607047146271510e+00 -9.939635499939689089e-03 6.659613495000783479e-01
1.289607096783473628e+00 -9.940103528654254533e-03 6.659928538249159091e-01
1.279607146464305956e+00 -9.940571684833665947e-03 6.660243719936003171e-01
1.269607196191000709e+00 -9.941039975447164487e-03 6.660559047078722372e-01
1.259607245965935984e+00 -9.941508407957126356e-03 6.660874527147088164e-01
1.249607295791647976e+00 -9.941976990363940100e-03 6.661190168100757925e-01
1.239607345670844296e+00 -9.942445731255824398e-03 6.661505978430651842e-01
1.229607395606419518e+00 -9.942914639864203902e-03 6.661821967204646366e-01
1.219607445601471607e+00 -9.943383726125333555e-03 6.662138144118104899e-01
1.209607495659319909e+00 -9.943853000748960683e-03 6.662454519549825260e-01
1.199607545783526241e+00 -9.944322475294909564e-03 6.662771104624073404e-01
1.189607595977917542e+00 -9.944792162258618909e-03 6.663087911279454989e-01
1.179607646246610964e+00 -9.945262075166780638e-03 6.663404952345474141e-01
1.169607696594042512e+00 -9.945732228684363643e-03 6.663722241627746401e-01
1.159607747024998581e+00 -9.946202638734526549e-03 6.664039794002959427e-01
1.149607797544651699e+00 -9.946673322633124703e-03 6.664357625524829354e-01
1.139607848158600056e+00 -9.947144299239709178e-03 6.664675753542455006e-01
1.129607898872912131e+00 -9.947615589127203548e-03 6.664994196832684237e-01
1.119607949694176208e+00 -9.948087214772768569e-03 6.665312975748313162e-01
1.109608000629557667e+00 -9.948559200772684116e-03 6.665632112384183294e-01
1.099608051686861598e+00 -9.949031574084469740e-03 6.665951630763548019e-01
1.089608102874604745e+00 -9.949504364299933609e-03 6.666271557047389607e-01
1.079608154202096548e+00 -9.949977603953349611e-03 6.666591919769737640e-01
1.069608205679530188e+00 -9.950451328869566042e-03 6.666912750102480523e-01
1.059608257318086277e+00 -9.950925578557489465e-03 6.667234082153635777e-01
1.049608309130050543e+00 -9.951400396655162711e-03 6.667555953303596628e-01
1.039608361128947056e+00 -9.951875831433585826e-03 6.667878404584521856e-01
1.029608413329689887e+00 -9.952351936367384577e-03 6.668201481108743112e-01
1.019608465748756077e+00 -9.952828770781579557e-03 6.668525232552896531e-01
1.009608518404382371e+00 -9.953306400585070629e-03 6.668849713705434779e-01
9.996085713167903730e-01 -9.953784899102903483e-03 6.669174985086255836e-01
9.896086245084444455e-01 -9.954264348021119729e-03 6.669501113648409474e-01
9.796086780043460340e-01 -9.954744838459999093e-03 6.669828173573257857e-01
9.696087318323722837e-01 -9.955226472193653281e-03 6.670156247172083219e-01
9.596087860236650613e-01 -9.955709363036566173e-03 6.670485425908958543e-01
9.496088406130787085e-01 -9.956193638420606645e-03 6.670815811561807696e-01
9.396088956396967395e-01 -9.956679441189360616e-03 6.671147517540978455e-01
9.296089511474290301e-01 -9.957166931640414054e-03 6.671480670387381906e-01
9.196090071857032644e-01 -9.957656289850616224e-03 6.671815411475374713e-01
9.096090638102672932e-01 -9.958147718324369263e-03 6.672151898949117976e-01
8.996091210841226093e-01 -9.958641445010485774e-03 6.672490309925204199e-01
8.896091790786128106e-01 -9.959137726739859114e-03 6.672830842998975776e-01
8.796092378746955820e-01 -9.959636853143402288e-03 6.673173721097211963e-01
8.786092438010206784e-01 -9.959686931612666064e-03 6.673208145079153608e-01
8.776092497363641165e-01 -9.959737042093987774e-03 6.673242595244363029e-01
8.766092556808258163e-01 -9.959787184940262217e-03 6.673277071862563359e-01
8.756092616345070301e-01 -9.959837360508715792e-03 6.673311575206674062e-01
8.746092675975102315e-01 -9.959887569160960283e-03 6.673346105552852014e-01
8.736092735699393375e-01 -9.959937811263051832e-03 6.673380663180532579e-01
8.726092795518995970e-01 -9.959988087185548192e-03 6.673415248372471797e-01
8.716092855434975917e-01 -9.960038397303564231e-03 6.673449861414788575e-01
8.706092915448414571e-01 -9.960088741996834388e-03 6.673484502597005763e-01
8.696092975560406613e-01 -9.960139121649771651e-03 6.673519172212095674e-01
8.686093035772061155e-01 -9.960189536651524803e-03 6.673553870556522272e-01
8.676093096084503964e-01 -9.960239987396042605e-03 6.673588597930286692e-01
8.666093156498875238e-01 -9.960290474282136250e-03 6.673623354636972760e-01
8.656093217016329611e-01 -9.960340997713541811e-03 6.673658140983791398e-01
8.646093277638036145e-01 -9.960391558098984424e-03 6.673692957281627258e-01
8.636093338365181671e-01 -9.960442155852239007e-03 6.673727803845086459e-01
8.626093399198969669e-01 -9.960492791392201381e-03 6.673762680992543217e-01
8.616093460140618054e-01 -9.960543465142952455e-03 6.673797589046186474e-01
8.606093521191361395e-01 -9.960594177533824145e-03 6.673832528332070968e-01
8.596093582352450913e-01 -9.960644928999470502e-03 6.673867499180166085e-01
8.586093643625155591e-01 -9.960695719979931889e-03 6.673902501924404707e-01
8.576093705010762180e-01 -9.960746550920707848e-03 6.673937536902735390e-01
8.566093766510572971e-01 -9.960797422272829951e-03 6.673972604457174551e-01
8.556093828125909129e-01 -9.960848334492931194e-03 6.674007704933855312e-01
8.546093889858111803e-01 -9.960899288043318853e-03 6.674042838683080792e-01
8.536093951708537686e-01 -9.960950283392049076e-03 6.674078006059380730e-01
8.526094013678563455e-01 -9.961001321012999746e-03 6.674113207421562555e-01
8.516094075769584659e-01 -9.961052401385946803e-03 6.674148443132765784e-01
8.506094137983014614e-01 -9.961103524996640576e-03 6.674183713560519760e-01
8.496094200320288836e-01 -9.961154692336885580e-03 6.674219019076799153e-01
8.486094262782860609e-01 -9.961205903904618575e-03 6.674254360058080593e-01
8.476094325372204308e-01 -9.961257160203986633e-03 6.674289736885399282e-01
8.466094388089814293e-01 -9.961308461745430401e-03 6.674325149944408953e-01
8.456094450937204909e-01 -9.961359809045762168e-03 6.674360599625441814e-01
8.446094513915913815e-01 -9.961411202628250861e-03 6.674396086323566291e-01
8.436094577027498653e-01 -9.961462643022708785e-03 6.674431610438649187e-01
8.426094640273539271e-01 -9.961514130765573155e-03 6.674467172375417867e-01
8.416094703655636611e-01 -9.961565666399992830e-03 6.674502772543521312e-01
8.406094767175414928e-01 -9.961617250475916785e-03 6.674538411357594514e-01
8.396094830834521794e-01 -9.961668883550180847e-03 6.674574089237320651e-01
8.386094894634626984e-01 -9.961720566186599637e-03 6.674609806607498808e-01
8.376094958577424698e-01 -9.961772298956058508e-03 6.674645563898108369e-01
8.366095022664632452e-01 -9.961824082436603750e-03 6.674681361544373415e-01
8.356095086897992186e-01 -9.961875917213534534e-03 6.674717199986834881e-01
8.346095151279270263e-01 -9.961927803879498319e-03 6.674753079671416067e-01
8.336095215810258585e-01 -9.961979743034589732e-03 6.674789001049490356e-01
8.326095280492774586e-01 -9.962031735286444242e-03 6.674824964577954489e-01
8.316095345328662347e-01 -9.962083781250337042e-03 6.674860970719299624e-01
8.306095410319791483e-01 -9.962135881549283659e-03 6.674897019941681275e-01
8.296095475468057145e-01 -9.962188036814140571e-03 6.674933112718992589e-01
8.286095540775383350e-01 -9.962240247683709291e-03 6.674969249530939841e-01
8.276095606243721869e-01 -9.962292514804835242e-03 6.675005430863115707e-01
8.266095671875052231e-01 -9.962344838832517049e-03 6.675041657207076984e-01
8.256095737671381718e-01 -9.962397220430012357e-03 6.675077929060420079e-01
8.246095803634746479e-01 -9.962449660268945378e-03 6.675114246926858730e-01
8.236095869767213751e-01 -9.962502159029416188e-03 6.675150611316305049e-01
8.226095936070880743e-01 -9.962554717400108270e-03 6.675187022744947241e-01
8.216096002547873534e-01 -9.962607336078406484e-03 6.675223481735330644e-01
8.206096069200349286e-01 -9.962660015770506347e-03 6.675259988816439893e-01
8.196096136030497359e-01 -9.962712757191530266e-03 6.675296544523784403e-01
8.186096203040539310e-01 -9.962765561065647230e-03 6.675333149399480526e-01
8.176096270232730001e-01 -9.962818428126187301e-03 6.675369803992335926e-01
8.166096337609355382e-01 -9.962871359115761313e-03 6.675406508857939514e-01
8.156096405172735819e-01 -9.962924354786382303e-03 6.675443264558745815e-01
8.146096472925227205e-01 -9.962977415899590405e-03 6.675480071664164905e-01
8.136096540869217630e-01 -9.963030543226579494e-03 6.675516930750652334e-01
8.126096609007131821e-01 -9.963083737548318608e-03 6.675553842401800164e-01
8.116096677341431143e-01 -9.963136999655678588e-03 6.675590807208430233e-01
8.106096745874613596e-01 -9.963190330349569121e-03 6.675627825768685186e-01
8.096096814609213821e-01 -9.963243730441065371e-03 6.675664898688126181e-01
8.086096883547803094e-01 -9.963297200751538088e-03 6.675702026579827253e-01
8.076096952692991549e-01 -9.963350742112794117e-03 6.675739210064470797e-01
8.066097022047429288e-01 -9.963404355367209975e-03 6.675776449770449705e-01
8.056097091613806382e-01 -9.963458041367870624e-03 6.675813746333966181e-01
8.046097161394851760e-01 -9.963511800978709990e-03 6.675851100399131655e-01
8.036097231393336537e-01 -9.963565635074651469e-03 6.675888512618070036e-01
8.026097301612074020e-01 -9.963619544541753650e-03 6.675925983651020967e-01
8.016097372053918590e-01 -9.963673530277357762e-03 6.675963514166444179e-01
8.006097442721769042e-01 -9.963727593190231657e-03 6.676001104841128297e-01
7.996097513618568575e-01 -9.963781734200717263e-03 6.676038756360297421e-01
7.986097584747303690e-01 -9.963835954240890178e-03 6.676076469417719927e-01
7.976097656111007517e-01 -9.963890254254708853e-03 6.676114244715820600e-01
7.966097727712758703e-01 -9.963944635198168989e-03 6.676152082965791656e-01
7.956097799555682526e-01 -9.963999098039463126e-03 6.676189984887708206e-01
7.946097871642954225e-01 -9.964053643759138504e-03 6.676227951210640388e-01
7.936097943977796776e-01 -9.964108273350261863e-03 6.676265982672772159e-01
7.926098016563482007e-01 -9.964162987818582506e-03 6.676304080021520093e-01
7.916098089403332816e-01 -9.964217788182697100e-03 6.676342244013651062e-01
7.906098162500724280e-01 -9.964272675474219673e-03 6.676380475415405469e-01
7.896098235859082548e-01 -9.964327650737949890e-03 6.676418775002619377e-01
7.886098309481887059e-01 -9.964382715032048254e-03 6.676457143560848850e-01
7.876098383372671652e-01 -9.964437869428211317e-03 6.676495581885496522e-01
7.866098457535024568e-01 -9.964493115011845148e-03 6.676534090781938158e-01
7.856098531972591781e-01 -9.964548452882249219e-03 6.676572671065654774e-01
7.846098606689074773e-01 -9.964603884152798546e-03 6.676611323562361422e-01
7.836098681688233869e-01 -9.964659409951125840e-03 6.676650049108140417e-01
7.826098756973888237e-01 -9.964715031419307117e-03 6.676688848549577893e-01
7.816098832549915887e-01 -9.964770749714055992e-03 6.676727722743898141e-01
7.806098908420258109e-01 -9.964826566006912759e-03 6.676766672559101279e-01
7.796098984588918368e-01 -9.964882481484436949e-03 6.676805698874104245e-01
7.786099061059962301e-01 -9.964938497348406823e-03 6.676844802578884019e-01
7.776099137837519937e-01 -9.964994614816018864e-03 6.676883984574619735e-01
7.766099214925787919e-01 -9.965050835120089004e-03 6.676923245773838111e-01
7.756099292329030614e-01 -9.965107159509257323e-03 6.676962587100561120e-01
7.746099370051579003e-01 -9.965163589248196216e-03 6.677002009490455858e-01
7.736099448097832898e-01 -9.965220125617818558e-03 6.677041513890984437e-01
7.726099526472265389e-01 -9.965276769915492813e-03 6.677081101261558294e-01
7.716099605179419507e-01 -9.965333523455259870e-03 6.677120772573693630e-01
7.706099684223911561e-01 -9.965390387568048153e-03 6.677160528811167950e-01
7.696099763610433353e-01 -9.965447363601893926e-03 6.677200370970181043e-01
7.686099843343751070e-01 -9.965504452922170284e-03 6.677240300059515965e-01
7.676099923428709726e-01 -9.965561656911812657e-03 6.677280317100701135e-01
7.666100003870233159e-01 -9.965618976971547804e-03 6.677320423128175753e-01
7.656100084673325146e-01 -9.965676414520131463e-03 6.677360619189458557e-01
7.646100167854215091e-01 -9.965734702667790670e-03 6.677401398856560588e-01
7.636100262277148998e-01 -9.965796856366355289e-03 6.677444800699712246e-01
7.626100384317932024e-01 -9.965867707765783262e-03 6.677494056006915146e-01
7.616100557780590696e-01 -9.965952530393151418e-03 6.677552682906731096e-01
7.606100822339573186e-01 -9.966057721224845858e-03 6.677624967676413226e-01
7.596101257053059497e-01 -9.966192991454144931e-03 6.677717410824380861e-01
7.586102027446018914e-01 -9.966373510231477453e-03 6.677840178280355365e-01
7.576103485678449267e-01 -9.966622295176381235e-03 6.678008695774718673e-01
7.566106402722828639e-01 -9.966974530761917028e-03 6.678246542863820467e-01
7.566106402722828639e-01 -9.966974530761917028e-03 6.678246542863820467e-01
7.562122526095176323e-01 -9.967153098170046174e-03 6.678366926578983565e-01
7.555744117927183368e-01 -9.967503071688589913e-03 6.678602610407553541e-01
7.555744117927183368e-01 -9.967503071688589913e-03 6.678602610407553541e-01
7.553124245127412761e-01 -9.967673156787849875e-03 6.678717065522077334e-01
7.548573025076367182e-01 -9.968014955713009467e-03 6.678946944121533225e-01
7.548573025076367182e-01 -9.968014955713009467e-03 6.678946944121533225e-01
7.546602763239377287e-01 -9.968183130416046270e-03 6.679060002741665780e-01
7.543052607734813675e-01 -9.968523186580232134e-03 6.679288534325827920e-01
7.543052607734813675e-01 -9.968523186580232134e-03 6.679288534325827920e-01
7.541484286556426886e-01 -9.968689868418771985e-03 6.679400520571624478e-01
7.538595792493585357e-01 -9.969027535274781193e-03 6.679627332551598684e-01
7.538595792493585357e-01 -9.969027535274781193e-03 6.679627332551598684e-01
7.537300391901333718e-01 -9.969192797955276492e-03 6.679738318897370242e-01
7.534879582955867905e-01 -9.969527719974280444e-03 6.679963207704707751e-01
7.534879582955867905e-01 -9.969527719974280444e-03 6.679963207704707751e-01
7.533781553686424992e-01 -9.969691518406454192e-03 6.680073177446019805e-01
7.531708241035179885e-01 -9.970023411506540381e-03 6.680295974195054054e-01
7.531708241035179885e-01 -9.970023411506540381e-03 6.680295974195054054e-01
7.530759293666862142e-01 -9.970185707021406163e-03 6.680404910054540402e-01
7.528953615857162385e-01 -9.970514417588421940e-03 6.680625526082252241e-01
7.528953615857162385e-01 -9.970514417588421940e-03 6.680625526082252241e-01
7.528121005835812785e-01 -9.970675195033551833e-03 6.680733423762345025e-01
7.526527260782343021e-01 -9.971000666032622112e-03 6.680951830809038761e-01
7.526527260782343021e-01 -9.971000666032622112e-03 6.680951830809038761e-01
7.525787772636478579e-01 -9.971159933702448963e-03 6.681058700021020869e-01
7.524365613678742903e-01 -9.971482177071711722e-03 6.681274913304278140e-01
7.524365613678742903e-01 -9.971482177071711722e-03 6.681274913304278140e-01
7.523702203943199995e-01 -9.971639962215011685e-03 6.681380775358215507e-01
7.522421509530687889e-01 -9.971959037777687954e-03 6.681594840357976128e-01
7.522421509530687889e-01 -9.971959037777687954e-03 6.681594840357976128e-01
7.521821308412913742e-01 -9.972115381948023702e-03 6.681699725404058876e-01
7.520659024277613902e-01 -9.972431382465916927e-03 6.681911708410671613e-01
7.520659024277613902e-01 -9.972431382465916927e-03 6.681911708410671613e-01
7.520112084607653014e-01 -9.972586337663964795e-03 6.682015653077633122e-01
7.519050193564319473e-01 -9.972899378393318762e-03 6.682225634555408744e-01
7.519050193564319473e-01 -9.972899378393318762e-03 6.682225634555408744e-01
7.518548674860040526e-01 -9.973053004090206425e-03 6.682328680101595753e-01
7.517572843811026750e-01 -9.973363215491403214e-03 6.682536750045364737e-01
7.517572843811026750e-01 -9.973363215491403214e-03 6.682536750045364737e-01
7.517110461720318826e-01 -9.973515576398570004e-03 6.682638940962772889e-01
7.516209112255257674e-01 -9.973823099030562980e-03 6.682845195642473923e-01
7.516209112255257674e-01 -9.973823099030562980e-03 6.682845195642473923e-01
7.515780756217584901e-01 -9.973974263451942587e-03 6.682946578620693190e-01
7.514944409420880600e-01 -9.974279244382296475e-03 6.683151118292602888e-01
7.514944409420880600e-01 -9.974279244382296475e-03 6.683151118292602888e-01
7.514545870504900638e-01 -9.974429283005506117e-03 6.683251741457498785e-01
7.513766674563956416e-01 -9.974731873280264643e-03 6.683454668753165961e-01
7.513766674563956416e-01 -9.974731873280264643e-03 6.683454668753165961e-01
7.513394447524113229e-01 -9.974880858296014327e-03 6.683554581112013393e-01
7.512665830354643415e-01 -9.975181211158633612e-03 6.683755999906692002e-01
7.512665830354643415e-01 -9.975181211158633612e-03 6.683755999906692002e-01
7.512316966924070805e-01 -9.975329215624040985e-03 6.683855250947794424e-01
7.511633376232933479e-01 -9.975627485269153785e-03 6.684055265571784421e-01
7.511633376232933479e-01 -9.975627485269153785e-03 6.684055265571784421e-01
7.511305374558231440e-01 -9.975774582653080050e-03 6.684153904979536209e-01
7.510662080289804976e-01 -9.976070923365856075e-03 6.684352619676671159e-01
7.510662080289804976e-01 -9.976070923365856075e-03 6.684352619676671159e-01
7.510352800351316471e-01 -9.976217187230752501e-03 6.684450697133400565e-01
7.509745742437136107e-01 -9.976511752807244032e-03 6.684648215699885432e-01
7.509745742437136107e-01 -9.976511752807244032e-03 6.684648215699885432e-01
7.509453340475594763e-01 -9.976657256593118167e-03 6.684745780752949784e-01
7.508879010014415378e-01 -9.976950199966722055e-03 6.684942206308354118e-01
7.508879010014415378e-01 -9.976950199966722055e-03 6.684942206308354118e-01
7.508601887073355075e-01 -9.977095016853440579e-03 6.685039308286951920e-01
7.508057232535968462e-01 -9.977386489875285716e-03 6.685234743143639857e-01
7.508057232535968462e-01 -9.977386489875285716e-03 6.685234743143639857e-01
7.507793993636396879e-01 -9.977530692703531767e-03 6.685331431113151757e-01
7.507276346053507465e-01 -9.977820846036046867e-03 6.685525976718446062e-01
7.507276346053507465e-01 -9.977820846036046867e-03 6.685525976718446062e-01
7.507025767477214506e-01 -9.977964507273739264e-03 6.685622299463825913e-01
7.506532780197093802e-01 -9.978253490370674050e-03 6.685816056397407836e-01
7.506532780197093802e-01 -9.978253490370674050e-03 6.685816056397407836e-01
7.506293783026839472e-01 -9.978396682114467828e-03 6.685912062428908120e-01
7.505823382780606456e-01 -9.978684643266169316e-03 6.686105130441859501e-01
7.505823382780606456e-01 -9.978684643266169316e-03 6.686105130441859501e-01
7.505595011319591281e-01 -9.978827437270151521e-03 6.686200868018097321e-01
7.505145358150940860e-01 -9.979114523698439515e-03 6.686393346103678414e-01
7.505145358150940860e-01 -9.979114523698439515e-03 6.686393346103678414e-01
7.504926762184392919e-01 -9.979256991424125672e-03 6.686488863268352789e-01
7.504496216393052865e-01 -9.979543349415699940e-03 6.686680849757314915e-01
7.504496216393052865e-01 -9.979543349415699940e-03 6.686680849757314915e-01
7.504286636502668362e-01 -9.979685562099232035e-03 6.686776194386800931e-01
7.503873731185339846e-01 -9.979971337169312243e-03 6.686967787061910418e-01
7.503873731185339846e-01 -9.979971337169312243e-03 6.686967787061910418e-01
7.503672486509875839e-01 -9.980113365902137240e-03 6.687063006921594166e-01
7.503275904604459479e-01 -9.980398702981702064e-03 6.687254303147331935e-01
7.503275904604459479e-01 -9.980398702981702064e-03 6.687254303147331935e-01
7.503082382575679832e-01 -9.980540618802586847e-03 6.687349445955065308e-01
7.502700937555675242e-01 -9.980825662445040256e-03 6.687540542819492284e-01
7.502700937555675242e-01 -9.980825662445040256e-03 6.687540542819492284e-01
7.502514585240672718e-01 -9.980967536441537336e-03 6.687635656315168431e-01
7.502147204788164325e-01 -9.981252431045448820e-03 6.687826650782168203e-01
7.502147204788164325e-01 -9.981252431045448820e-03 6.687826650782168203e-01
7.501967521547311391e-01 -9.981394334463501369e-03 6.687921782802462856e-01
7.501613233673311010e-01 -9.981679224509010587e-03 6.688112771872642970e-01
7.501613233673311010e-01 -9.981679224509010587e-03 6.688112771872642970e-01
7.501439764902173568e-01 -9.981821228869775658e-03 6.688207970430457561e-01
7.501097686089356342e-01 -9.982106259167327494e-03 6.688399051309945609e-01
7.501097686089356342e-01 -9.982106259167327494e-03 6.688399051309945609e-01
7.500930017859344101e-01 -9.982248436390669249e-03 6.688494364678078119e-01
7.500599342886296039e-01 -9.982533752340790392e-03 6.688685634954447679e-01
7.500599342886296039e-01 -9.982533752340790392e-03 6.688685634954447679e-01
7.500437097334278214e-01 -9.982676174875068642e-03 6.688781111753441255e-01
7.500117090504688777e-01 -9.982961922739095467e-03 6.688972669578723274e-01
7.500117090504688777e-01 -9.982961922739095467e-03 6.688972669578723274e-01
7.499959921850309907e-01 -9.983104663697214831e-03 6.689068358868757169e-01
7.499649909402481551e-01 -9.983390990878783511e-03 6.689260303149456854e-01
7.499649909402481551e-01 -9.983390990878783511e-03 6.689260303149456854e-01
7.499497500494221036e-01 -9.983534124180484109e-03 6.689356254526280798e-01
7.499196864007152685e-01 -9.983821179517866212e-03 6.689548685120437765e-01
7.499196864007152685e-01 -9.983821179517866212e-03 6.689548685120437765e-01
7.499048923315546622e-01 -9.983964780038474471e-03 6.689644948815638426e-01
7.498757093959608211e-01 -9.984252714108562965e-03 6.689837966737599562e-01
7.498757093959608211e-01 -9.984252714108562965e-03 6.689837966737599562e-01
7.498613352950648236e-01 -9.984396857834611921e-03 6.689934593723354528e-01
7.498329806457820768e-01 -9.984685823269178612e-03 6.690128301356638163e-01
7.498329806457820768e-01 -9.984685823269178612e-03 6.690128301356638163e-01
7.498190017290833342e-01 -9.984830587461274165e-03 6.690225343455279416e-01
7.497914269540276733e-01 -9.985120739276553276e-03 6.690419844774234681e-01
7.497914269540276733e-01 -9.985120739276553276e-03 6.690419844774234681e-01
7.497778203043751200e-01 -9.985266202640253122e-03 6.690517354773121150e-01
7.497509806175436387e-01 -9.985557698581294314e-03 6.690712755574377280e-01
7.497509806175436387e-01 -9.985557698581294314e-03 6.690712755574377280e-01
7.497377250062150500e-01 -9.985703941446450599e-03 6.690810787346402888e-01
7.497115789045917245e-01 -9.985996942347247565e-03 6.691007195490834558e-01
7.497115789045917245e-01 -9.985996942347247565e-03 6.691007195490834558e-01
7.496986546334493129e-01 -9.986144046856857553e-03 6.691105804121264544e-01
7.496731635932655236e-01 -9.986438717018321712e-03 6.691303329787857690e-01
7.496731635932655236e-01 -9.986438717018321712e-03 6.691303329787857690e-01
7.496605523548184324e-01 -9.986586767327547409e-03 6.691402571707986136e-01
7.496356805620062458e-01 -9.986883274914785599e-03 6.691601327660572363e-01
7.496356805620062458e-01 -9.986883274914785599e-03 6.691601327660572363e-01
7.496233653150237153e-01 -9.987032357401500610e-03 6.691701260789033601e-01
7.495990794254109302e-01 -9.987330874862936428e-03 6.691901362657601826e-01
7.495990794254109302e-01 -9.987330874862936428e-03 6.691901362657601826e-01
7.495870442841162662e-01 -9.987481078350774963e-03 6.692002046550037386e-01
7.495633132096344298e-01 -9.987781782861146831e-03 6.692203613127960526e-01
7.495633132096344298e-01 -9.987781782861146831e-03 6.692203613127960526e-01
7.495515433447801357e-01 -9.987933198856366324e-03 6.692305109135942010e-01
7.495283380624639946e-01 -9.988236272786129785e-03 6.692508262694947252e-01
7.495283380624639946e-01 -9.988236272786129785e-03 6.692508262694947252e-01
7.495168196128381144e-01 -9.988388995729811926e-03 6.692610634135164327e-01
7.494941129938672564e-01 -9.988694627144070401e-03 6.692815500759982106e-01
7.494941129938672564e-01 -9.988694627144070401e-03 6.692815500759982106e-01
7.494828329869944739e-01 -9.988848754681220118e-03 6.692918813094708153e-01
7.494605996434255957e-01 -9.989157137870997849e-03 6.693125523039403779e-01
7.494605996434255957e-01 -9.989157137870997849e-03 6.693125523039403779e-01
7.494495459243816216e-01 -9.989312771138432814e-03 6.693229844069570333e-01
7.494277620715150690e-01 -9.989624107188264240e-03 6.693438532138172858e-01
7.494277620715150690e-01 -9.989624107188264240e-03 6.693438532138172858e-01
7.494169232389388258e-01 -9.989781351123258601e-03 6.693543932210337388e-01
7.493955665715790193e-01 -9.990095848518752708e-03 6.693754738164233720e-01
7.493955665715790193e-01 -9.990095848518752708e-03 6.693754738164233720e-01
7.493849319200865944e-01 -9.990254812190711015e-03 6.693861290392950636e-01
7.493639815011762240e-01 -9.990572687470507252e-03 6.694074359388004769e-01
7.493639815011762240e-01 -9.990572687470507252e-03 6.694074359388004769e-01
7.493535409694845884e-01 -9.990733484438175244e-03 6.694182139895301642e-01
7.493329771297958519e-01 -9.991054962895215899e-03 6.694397622951995253e-01
7.493329771297958519e-01 -9.991054962895215899e-03 6.694397622951995253e-01
7.493227212539570470e-01 -9.991217711592241882e-03 6.694506711125866039e-01
7.493025255016981800e-01 -9.991543028029794063e-03 6.694724765636154151e-01
7.493025255016981800e-01 -9.991543028029794063e-03 6.694724765636154151e-01
7.492924453729268297e-01 -9.991707852181853575e-03 6.694835244410176633e-01
7.492726003122762712e-01 -9.992037251730468556e-03 6.695056034685138435e-01
7.492726003122762712e-01 -9.992037251730468556e-03 6.695056034685138435e-01
7.492626875389255536e-01 -9.992204280807387082e-03 6.695167990841551786e-01
7.492431767966479805e-01 -9.992538019809545091e-03 6.695391688704347422e-01
7.492431767966479805e-01 -9.992538019809545091e-03 6.695391688704347422e-01
7.492334234699372653e-01 -9.992707389516623795e-03 6.695505213203351014e-01
7.492142316293254334e-01 -9.993045736486841010e-03 6.695731998632797888e-01
7.492142316293254334e-01 -9.993045736486841010e-03 6.695731998632797888e-01
7.492046302924869616e-01 -9.993217589299661571e-03 6.695847186971063403e-01
7.491857428339963043e-01 -9.993560825968767630e-03 6.696077248801619586e-01
7.491857428339963043e-01 -9.993560825968767630e-03 6.696077248801619586e-01
7.491762864545544742e-01 -9.993735311716746283e-03 6.696194201403401491e-01
7.491576897025894466e-01 -9.994083734170098807e-03 6.696427738088029935e-01
7.491576897025894466e-01 -9.994083734170098807e-03 6.696427738088029935e-01
7.491483716475171306e-01 -9.994261010674583556e-03 6.696546560732842268e-01
7.491300527228852424e-01 -9.994614930595490179e-03 6.696783781176389727e-01
7.491300527228852424e-01 -9.994614930595490179e-03 6.696783781176389727e-01
7.491208667364405160e-01 -9.994795164368739868e-03 6.696904585467482462e-01
7.491028135141067912e-01 -9.995154910399147580e-03 6.697145709938709945e-01
7.491028135141067912e-01 -9.995154910399147580e-03 6.697145709938709945e-01
7.490937536981576716e-01 -9.995338277411967842e-03 6.697268613817579652e-01
7.490759547699386012e-01 -9.995704196645629688e-03 6.697513874949853063e-01
7.490759547699386012e-01 -9.995704196645629688e-03 6.697513874949853063e-01
7.490670155666407926e-01 -9.995890883172190225e-03 6.697639003262408908e-01
7.490494602085906450e-01 -9.996263342796095352e-03 6.697888647153814601e-01
7.490494602085906450e-01 -9.996263342796095352e-03 6.697888647153814601e-01
7.490406363853088223e-01 -9.996453546345417454e-03 6.698016132274683399e-01
7.490233145296036898e-01 -9.996832935448072069e-03 6.698270419699958733e-01
7.490233145296036898e-01 -9.996832935448072069e-03 6.698270419699958733e-01
7.490146011659811753e-01 -9.997026865793767411e-03 6.698400402222618455e-01
7.489975033771308910e-01 -9.997413597362286505e-03 6.698659609971566731e-01
7.489975033771308910e-01 -9.997413597362286505e-03 6.698659609971566731e-01
7.489888958542587627e-01 -9.997611477683321715e-03 6.698792239472846077e-01
7.489720133095739696e-01 -9.998005990813513613e-03 6.699056661831521708e-01
7.489720133095739696e-01 -9.998005990813513613e-03 6.699056661831521708e-01
7.489635073012291810e-01 -9.998208058960849839e-03 6.699192097720528816e-01
7.489468317755034743e-01 -9.998610821308942520e-03 6.699462048114345203e-01
7.489468317755034743e-01 -9.998610821308942520e-03 6.699462048114345203e-01
7.489384232414563192e-01 -9.998817331215555104e-03 6.699600460577390670e-01
7.489219470958936586e-01 -9.999228841724305469e-03 6.699876273398117643e-01
7.489219470958936586e-01 -9.999228841724305469e-03 6.699876273398117643e-01
7.489136322773124466e-01 -9.999440064978571199e-03 6.700017844453202143e-01
7.488973484527763347e-01 -9.999860856916288968e-03 6.700299877095645673e-01
7.488973484527763347e-01 -9.999860856916288968e-03 6.700299877095645673e-01
7.488891238698062169e-01 -1.000007708452200529e-02 6.700444801771974213e-01
7.488730258845779364e-01 -1.000050772887812849e-02 6.700733436909610541e-01
7.488730258845779364e-01 -1.000050772887812849e-02 6.700733436909610541e-01
7.488648883361782582e-01 -1.000072927322897230e-02 6.700881924570798454e-01
7.488489702884210120e-01 -1.000117038251900625e-02 6.701177572705693253e-01
7.488489702884210120e-01 -1.000117038251900625e-02 6.701177572705693253e-01
7.488409168546210637e-01 -1.000139757961899904e-02 6.701329848537882494e-01
7.488251734299078421e-01 -1.000184981215840839e-02 6.701632950864978566e-01
7.488251734299078421e-01 -1.000184981215840839e-02 6.701632950864978566e-01
7.488172014766543150e-01 -1.000208302412685345e-02 6.701789257555559320e-01
7.488016279609398529e-01 -1.000254708884644982e-02 6.702100289189804050e-01
7.488016279609398529e-01 -1.000254708884644982e-02 6.702100289189804050e-01
7.487937351477937931e-01 -1.000278670675160651e-02 6.702260888826486740e-01
7.487783274463952754e-01 -1.000326336863792583e-02 6.702580362448750106e-01
7.487783274463952754e-01 -1.000326336863792583e-02 6.702580362448750106e-01
7.487705117373766317e-01 -1.000350981571310367e-02 6.702745538674815817e-01
7.487552664006040803e-01 -1.000399990197417370e-02 6.703074008663968408e-01
7.487552664006040803e-01 -1.000399990197417370e-02 6.703074008663968408e-01
7.487475260785719788e-01 -1.000425363727929472e-02 6.703244069132190397e-01
7.487324403348427637e-01 -1.000475804435455897e-02 6.703582136262962177e-01
7.487324403348427637e-01 -1.000475804435455897e-02 6.703582136262962177e-01
7.487247740198910151e-01 -1.000501956695941039e-02 6.703757415439035583e-01
7.487098458173517823e-01 -1.000553926851605220e-02 6.704105732240804860e-01
7.487098458173517823e-01 -1.000553926851605220e-02 6.704105732240804860e-01
7.487022524898075959e-01 -1.000580912229657483e-02 6.704286594617677730e-01
7.486874805477101713e-01 -1.000634517838283263e-02 6.704645871508760901e-01
7.486874805477101713e-01 -1.000634517838283263e-02 6.704645871508760901e-01
7.486799595764634940e-01 -1.000662395754119138e-02 6.704832715305987234e-01
7.486653434478375280e-01 -1.000717752510307292e-02 6.705203727641504408e-01
7.486653434478375280e-01 -1.000717752510307292e-02 6.705203727641504408e-01
7.486578946249028421e-01 -1.000746588054606152e-02 6.705396989079808190e-01
7.486434347724223448e-01 -1.000803822555712541e-02 6.705780585280599615e-01
7.486434347724223448e-01 -1.000803822555712541e-02 6.705780585280599615e-01
7.486360583548452574e-01 -1.000833687229739886e-02 6.705980743541908318e-01
7.486217562422268212e-01 -1.000892938380651929e-02 6.706377854508801528e-01
7.486217562422268212e-01 -1.000892938380651929e-02 6.706377854508801528e-01
7.486144530027227795e-01 -1.000923910958893999e-02 6.706585437517272874e-01
7.486003112045586105e-01 -1.000985331605950754e-02 6.706997087580970351e-01
7.486003112045586105e-01 -1.000985331605950754e-02 6.706997087580970351e-01
7.485930824926018134e-01 -1.001017499146318601e-02 6.707212678773069037e-01
7.485791048262104841e-01 -1.001081257986547769e-02 6.707639998489184352e-01
7.485791048262104841e-01 -1.001081257986547769e-02 6.707639998489184352e-01
7.485719526417526914e-01 -1.001114717019315273e-02 6.707864244781435170e-01
7.485581443255739931e-01 -1.001181000842148866e-02 6.708308485953491385e-01
7.485581443255739931e-01 -1.001181000842148866e-02 6.708308485953491385e-01
7.485510714081067274e-01 -1.001215858776797335e-02 6.708542107170640811e-01
7.485374392522596843e-01 -1.001284875109926566e-02 6.709004660581587842e-01
7.485374392522596843e-01 -1.001284875109926566e-02 6.709004660581587842e-01
7.485304491886918266e-01 -1.001321251909345275e-02 6.709248460676447978e-01
7.485170018248535895e-01 -1.001393232158790184e-02 6.709730877132169535e-01
7.485170018248535895e-01 -1.001393232158790184e-02 6.709730877132169535e-01
7.485100991806415971e-01 -1.001431262343811107e-02 6.709985757619256752e-01
7.484968473403534883e-01 -1.001506465542476021e-02 6.710489773069907571e-01
7.484968473403534883e-01 -1.001506465542476021e-02 6.710489773069907571e-01
7.484900378195861181e-01 -1.001546300607765450e-02 6.710756749215817107e-01
7.484769946726422818e-01 -1.001625017918831607e-02 6.711284314935660467e-01
7.484769946726422818e-01 -1.001625017918831607e-02 6.711284314935660467e-01
7.484702853145204227e-01 -1.001666829265065138e-02 6.711564535409302312e-01
7.484574668825669796e-01 -1.001749389428752482e-02 6.712117854498822478e-01
7.484574668825669796e-01 -1.001749389428752482e-02 6.712117854498822478e-01
7.484508663040196907e-01 -1.001793371948577621e-02 6.712412625403264554e-01
7.484382919690709679e-01 -1.001880147918252431e-02 6.712994197261640261e-01
7.484382919690709679e-01 -1.001880147918252431e-02 6.712994197261640261e-01
7.484318106664621384e-01 -1.001926524417914854e-02 6.713305011766065311e-01
7.484195038003849110e-01 -1.002017941508709202e-02 6.713917686699911735e-01
7.484195038003849110e-01 -1.002017941508709202e-02 6.713917686699911735e-01
7.484131545276533348e-01 -1.002066968208929244e-02 6.714246261904307511e-01
7.484011432772811334e-01 -1.002163514189208064e-02 6.714893308756492152e-01
7.484011432772811334e-01 -1.002163514189208064e-02 6.714893308756492152e-01
7.483949415241136771e-01 -1.002215487635181070e-02 6.715241631999799843e-01
7.483832597988178126e-01 -1.002317725339368568e-02 6.715926822675574170e-01
7.483832597988178126e-01 -1.002317725339368568e-02 6.715926822675574170e-01
7.483772244012986130e-01 -1.002372991173305569e-02 6.716297210325860023e-01
7.483659131269082554e-01 -1.002481574425181064e-02 6.717024926504352456e-01
7.483659131269082554e-01 -1.002481574425181064e-02 6.717024926504352456e-01
7.483600670559982238e-01 -1.002540538653223096e-02 6.717420099465221117e-01
7.483491757836070457e-01 -1.002656232589678627e-02 6.718195468800821635e-01
7.483491757836070457e-01 -1.002656232589678627e-02 6.718195468800821635e-01
7.483435471758382862e-01 -1.002719376238150190e-02 6.718618650731866815e-01
7.483331361699762097e-01 -1.002843083562244240e-02 6.719447722791519473e-01
7.483331361699762097e-01 -1.002843083562244240e-02 6.719447722791519473e-01
7.483277596933831655e-01 -1.002910982013777846e-02 6.719902769691432631e-01
7.483179026774382514e-01 -1.003043777357425295e-02 6.720792746239346860e-01
7.483179026774382514e-01 -1.003043777357425295e-02 6.720792746239346860e-01
7.483128213698386766e-01 -1.003117126264181473e-02 6.721284320106112320e-01
7.483036091876583695e-01 -1.003260301825400352e-02 6.722243860945709137e-01
7.483036091876583695e-01 -1.003260301825400352e-02 6.722243860945709137e-01
7.482988769737992651e-01 -1.003339952449812909e-02 6.722777666616256420e-01
7.482904225518908214e-01 -1.003495079590504754e-02 6.723817302393135797e-01
7.482904225518908214e-01 -1.003495079590504754e-02 6.723817302393135797e-01
7.482861077581605125e-01 -1.003582087961242195e-02 6.724400416967256655e-01
7.482785529518692913e-01 -1.003751101857109328e-02 6.725533116458272120e-01
7.482785529518692913e-01 -1.003751101857109328e-02 6.725533116458272120e-01
7.482747433240874990e-01 -1.003846798679546015e-02 6.726174457810931706e-01
7.482682685549645329e-01 -1.004032117014377369e-02 6.727416423364200870e-01
7.482682685549645329e-01 -1.004032117014377369e-02 6.727416423364200870e-01
7.482650786061399995e-01 -1.004138209652973186e-02 6.728127433591041262e-01
7.482599167397812057e-01 -1.004342902857679326e-02 6.729499241997694003e-01
7.482599167397812057e-01 -1.004342902857679326e-02 6.729499241997694003e-01
7.482574988288668294e-01 -1.004461628503153410e-02 6.730294913880668917e-01
7.482539556789928881e-01 -1.004689670236534084e-02 6.731823194993313830e-01
7.482539556789928881e-01 -1.004689670236534084e-02 6.731823194993313830e-01
7.482525172920098111e-01 -1.004824033856072628e-02 6.732723666648585681e-01
7.482510028107385303e-01 -1.005080680350155069e-02 6.734443645596789318e-01
7.482510028107385303e-01 -1.005080680350155069e-02 6.734443645596789318e-01
7.482508346118620368e-01 -1.005234839284730938e-02 6.735476777892986933e-01
7.482519119322734724e-01 -1.005527222942304011e-02 6.737436253127447872e-01
7.482519119322734724e-01 -1.005527222942304011e-02 6.737436253127447872e-01
7.482534354992831371e-01 -1.005707138409867897e-02 6.738641995800574991e-01
7.482579009867358355e-01 -1.006045231468125599e-02 6.740907797166360016e-01
7.482579009867358355e-01 -1.006045231468125599e-02 6.740907797166360016e-01
7.482617547846159844e-01 -1.006259836222262588e-02 6.742346014002518206e-01
7.482707742414345109e-01 -1.006658079956684361e-02 6.745014920984502282e-01
7.482707742414345109e-01 -1.006658079956684361e-02 6.745014920984502282e-01
7.482779795331347961e-01 -1.006921519874159031e-02 6.746780412043825725e-01
7.482933302966424671e-01 -1.007401697313900155e-02 6.749998405504804566e-01
7.482933302966424671e-01 -1.007401697313900155e-02 6.749998405504804566e-01
7.483056398114458219e-01 -1.007738016540802098e-02 6.752252305095725049e-01
7.483301577856986686e-01 -1.008334496617275915e-02 6.756249711359572085e-01
7.483301577856986686e-01 -1.008334496617275915e-02 6.756249711359572085e-01
7.483508709498474243e-01 -1.008788533662235108e-02 6.759292509286387585e-01
7.483892774691264238e-01 -1.009557765309534311e-02 6.764447625583474011e-01
7.484523256883131026e-01 -1.010697820957004618e-02 6.772087861184543645e-01
7.485374721265216635e-01 -1.012102889726676329e-02 6.781504104403089928e-01
7.486333814580784507e-01 -1.013583578207638732e-02 6.791427111472204681e-01
7.487337988674731548e-01 -1.015068033607858557e-02 6.801375355363920017e-01
7.488370235407216802e-01 -1.016552075419541699e-02 6.811320822474375980e-01
7.489421140186668380e-01 -1.018035826723801517e-02 6.821264339344279559e-01
7.490484755735897782e-01 -1.019519372648920209e-02 6.831206506359427388e-01
7.491557095110294995e-01 -1.021002769233996486e-02 6.841147737240593774e-01
7.492634716805884887e-01 -1.022486071921878924e-02 6.851088397494748961e-01
7.493714427219702046e-01 -1.023969344214779344e-02 6.861028831307123266e-01
7.494794451660683476e-01 -1.025452617223057347e-02 6.870969231008203781e-01
7.495874551369904326e-01 -1.026935887330948302e-02 6.880909622535431591e-01
7.496954725349976867e-01 -1.028419154568919157e-02 6.890850005996566052e-01
7.498034972617091398e-01 -1.029902418967071527e-02 6.900790381497914350e-01
7.499115292200828620e-01 -1.031385680555146553e-02 6.910730749144350371e-01
7.500195683143973113e-01 -1.032868939362529062e-02 6.920671109039334690e-01
7.501276144502329046e-01 -1.034352195418252254e-02 6.930611461284934549e-01
7.502356675344541426e-01 -1.035835448751002384e-02 6.940551805981841627e-01
7.503437274751919572e-01 -1.037318699389122752e-02 6.950492143229392017e-01
7.504517941818261706e-01 -1.038801947360618386e-02 6.960432473125583996e-01
7.505598675649679530e-01 -1.040285192693160207e-02 6.970372795767095786e-01
7.506679475364428367e-01 -1.041768435414089367e-02 6.980313111249303315e-01
7.507760340092741735e-01 -1.043251675550421753e-02 6.990253419666299095e-01
7.508841268976663708e-01 -1.044734913128851639e-02 7.000193721110909983e-01
7.509922261169884594e-01 -1.046218148175755841e-02 7.010134015674712726e-01
7.511003315837581074e-01 -1.047701380717197886e-02 7.020074303448050612e-01
7.512084432156257430e-01 -1.049184610778931999e-02 7.030014584520051235e-01
7.513165609313589011e-01 -1.050667838386407267e-02 7.039954858978645369e-01
7.514246846508266797e-01 -1.052151063564771283e-02 7.049895126910580290e-01
7.515328142949846413e-01 -1.053634286338873786e-02 7.059835388401435319e-01
7.516409497858596023e-01 -1.055117506733270656e-02 7.069775643535639587e-01
7.517490910465349785e-01 -1.056600724772227724e-02 7.079715892396487575e-01
7.518572380011362410e-01 -1.058083940479724247e-02 7.089656135066154663e-01
7.519653905748163725e-01 -1.059567153879456720e-02 7.099596371625711555e-01
7.520735486937416558e-01 -1.061050364994842350e-02 7.109536602155138718e-01
7.521817122850777970e-01 -1.062533573849022521e-02 7.119476826733341923e-01
7.522898812769761578e-01 -1.064016780464866613e-02 7.129417045438168898e-01
7.523980555985598784e-01 -1.065499984864975297e-02 7.139357258346419322e-01
7.525062351799106652e-01 -1.066983187071683832e-02 7.149297465533863694e-01
7.526144199520555800e-01 -1.068466387107065360e-02 7.159237667075254441e-01
7.527226098469538274e-01 -1.069949584992934549e-02 7.169177863044341459e-01
7.528308047974840989e-01 -1.071432780750850716e-02 7.179118053513883213e-01
7.529390047374318051e-01 -1.072915974402120949e-02 7.189058238555663394e-01
7.530472096014765304e-01 -1.074399165967803230e-02 7.198998418240503128e-01
7.531554193251797091e-01 -1.075882355468709729e-02 7.208938592638272080e-01
7.532636338449724134e-01 -1.077365542925410105e-02 7.218878761817904000e-01
7.533718530981433625e-01 -1.078848728358234275e-02 7.228818925847408927e-01
7.534800770228272659e-01 -1.080331911787275542e-02 7.238759084793885412e-01
7.535883055579930545e-01 -1.081815093232393540e-02 7.248699238723532723e-01
7.536965386434322234e-01 -1.083298272713217186e-02 7.258639387701661949e-01
7.538047762197477297e-01 -1.084781450249147627e-02 7.268579531792710435e-01
7.539130182283426684e-01 -1.086264625859361017e-02 7.278519671060252882e-01
7.540212646114093920e-01 -1.087747799562811639e-02 7.288459805567012451e-01
7.541295153119185191e-01 -1.089230971378234505e-02 7.298399935374872971e-01
7.542377702736082767e-01 -1.090714141324147790e-02 7.308340060544890049e-01
7.543460294409739531e-01 -1.092197309418856122e-02 7.318280181137303275e-01
7.544542927592572390e-01 -1.093680475680453013e-02 7.328220297211545109e-01
7.545625601744362365e-01 -1.095163640126823462e-02 7.338160408826254200e-01
7.546708316332153554e-01 -1.096646802775646731e-02 7.348100516039285379e-01
7.547791070830150995e-01 -1.098129963644398945e-02 7.358040618907718544e-01
7.548873864719622961e-01 -1.099613122750355346e-02 7.367980717487873088e-01
7.549956697488805490e-01 -1.101096280110592900e-02 7.377920811835315673e-01
7.551039568632803567e-01 -1.102579435741993068e-02 7.387860902004869113e-01
7.552122477653497867e-01 -1.104062589661243890e-02 7.397800988050625692e-01
7.553205424059453721e-01 -1.105545741884842760e-02 7.407741070025956054e-01
7.554288407365826741e-01 -1.107028892429098681e-02 7.417681147983518075e-01
7.555371427094272896e-01 -1.108512041310134345e-02 7.427621221975266863e-01
7.556454482772860803e-01 -1.109995188543888914e-02 7.437561292052463635e-01
7.557537573935980690e-01 -1.111478334146120094e-02 7.447501358265687932e-01
7.558620700124258907e-01 -1.112961478132406395e-02 7.457441420664844278e-01
7.559703860884473547e-01 -1.114444620518149388e-02 7.467381479299171065e-01
7.560787055769468967e-01 -1.115927761318575781e-02 7.477321534217252763e-01
7.561870284338073622e-01 -1.117410900548739851e-02 7.487261585467025471e-01
7.562953546155015694e-01 -1.118894038223525352e-02 7.497201633095786910e-01
7.564036840790843153e-01 -1.120377174357647942e-02 7.507141677150206416e-01
7.565120167821846042e-01 -1.121860308965657096e-02 7.517081717676330488e-01
7.566203526829975434e-01 -1.123343442061937834e-02 7.527021754719592783e-01
7.567286917402765711e-01 -1.124826573660713501e-02 7.536961788324824107e-01
7.568370339133259073e-01 -1.126309703776047326e-02 7.546901818536260187e-01
7.569453791619930039e-01 -1.127792832421844159e-02 7.556841845397547219e-01
7.570537274466609956e-01 -1.129275959611853071e-02 7.566781868951749646e-01
7.571620787282414833e-01 -1.130759085359668917e-02 7.576721889241362362e-01
7.572704329681674285e-01 -1.132242209678734242e-02 7.586661906308316272e-01
7.573787901283857149e-01 -1.133725332582341191e-02 7.596601920193983837e-01
7.574871501713502653e-01 -1.135208454083633418e-02 7.606541930939189067e-01
7.575955130600151577e-01 -1.136691574195607818e-02 7.616481938584214184e-01
7.577038787578276313e-01 -1.138174692931116436e-02 7.626421943168807394e-01
7.578122472287214251e-01 -1.139657810302868550e-02 7.636361944732189544e-01
7.579206184371101163e-01 -1.141140926323431885e-02 7.646301943313061900e-01
7.580289923478806813e-01 -1.142624041005234521e-02 7.656241938949612802e-01
7.581373689263869453e-01 -1.144107154360566800e-02 7.666181931679524331e-01
7.582457481384431430e-01 -1.145590266401583061e-02 7.676121921539980075e-01
7.583541299503177013e-01 -1.147073377140303205e-02 7.686061908567671797e-01
7.584625143287269111e-01 -1.148556486588614076e-02 7.696001892798804978e-01
7.585709012408289320e-01 -1.150039594758271375e-02 7.705941874269105485e-01
7.586792906542177972e-01 -1.151522701660901565e-02 7.715881853013827341e-01
7.587876825369174183e-01 -1.153005807308002915e-02 7.725821829067758273e-01
7.588960768573757010e-01 -1.154488911710947231e-02 7.735761802465227488e-01
7.590044735844588830e-01 -1.155972014880981766e-02 7.745701773240109000e-01
7.591128726874456500e-01 -1.157455116829230260e-02 7.755641741425829405e-01
7.592212741360214734e-01 -1.158938217566694504e-02 7.765581707055375649e-01
7.593296779002732810e-01 -1.160421317104256243e-02 7.775521670161297250e-01
7.594380839506839065e-01 -1.161904415452678398e-02 7.785461630775715181e-01
7.595464922581266487e-01 -1.163387512622606444e-02 7.795401588930327419e-01
7.596549027938600540e-01 -1.164870608624569981e-02 7.805341544656413388e-01
7.597633155295226981e-01 -1.166353703468983941e-02 7.815281497984840620e-01
7.598717304371277459e-01 -1.167836797166149979e-02 7.825221448946069192e-01
7.599801474890580666e-01 -1.169319889726258208e-02 7.835161397570158393e-01
7.600885666580612376e-01 -1.170802981159388585e-02 7.845101343886772272e-01
7.601969879172444378e-01 -1.172286071475511782e-02 7.855041287925184079e-01
7.603054112400697839e-01 -1.173769160684490567e-02 7.864981229714280708e-01
7.604138366003493354e-01 -1.175252248796081547e-02 7.874921169282570466e-01
7.605222639722403200e-01 -1.176735335819936203e-02 7.884861106658187513e-01
7.606306933302405815e-01 -1.178218421765602104e-02 7.894801041868894087e-01
7.607391246491838066e-01 -1.179701506642524302e-02 7.904740974942089382e-01
7.608475579042349723e-01 -1.181184590460046362e-02 7.914680905904812880e-01
7.609559930708860165e-01 -1.182667673227411759e-02 7.924620834783747680e-01
7.610644301249513966e-01 -1.184150754953765261e-02 7.934560761605228274e-01
7.611728690425634269e-01 -1.185633835648153799e-02 7.944500686395243871e-01
7.612813098001682821e-01 -1.187116915319527677e-02 7.954440609179441735e-01
7.613897523745216667e-01 -1.188599993976741966e-02 7.964380529983132728e-01
7.614981967426843745e-01 -1.190083071628557539e-02 7.974320448831296870e-01
7.616066428820185141e-01 -1.191566148283642289e-02 7.984260365748586663e-01
7.617150907701834006e-01 -1.193049223950571995e-02 7.994200280759331534e-01
7.618235403851312260e-01 -1.194532298637831537e-02 8.004140193887543386e-01
7.619319917051032842e-01 -1.196015372353816109e-02 8.014080105156919931e-01
7.620404447086260857e-01 -1.197498445106832260e-02 8.024020014590849126e-01
7.621488993745074714e-01 -1.198981516905098764e-02 8.033959922212412508e-01
7.622573556818328377e-01 -1.200464587756748004e-02 8.043899828044389633e-01
7.623658136099612515e-01 -1.201947657669827016e-02 8.053839732109262517e-01
7.624742731385220074e-01 -1.203430726652298006e-02 8.063779634429220078e-01
7.625827342474107429e-01 -1.204913794712039743e-02 8.073719535026162575e-01
7.626911969167858851e-01 -1.206396861856848593e-02 8.083659433921703830e-01
7.627996611270653204e-01 -1.207879928094439219e-02 8.093599331137175668e-01
7.629081268589225084e-01 -1.209362993432445965e-02 8.103539226693631248e-01
7.630165940932832624e-01 -1.210846057878423726e-02 8.113479120611849504e-01
7.631250628113225298e-01 -1.212329121439848466e-02 8.123419012912340698e-01
7.632335329944606173e-01 -1.213812184124118433e-02 8.133358903615346414e-01
7.633420046243601931e-01 -1.215295245938555375e-02 8.143298792740844005e-01
7.635481046349842371e-01 -1.218113061018449503e-02 8.162184577811716357e-01
7.639211583383620496e-01 -1.223213298567912659e-02 8.196367834959074061e-01
7.645390068513098214e-01 -1.231659780704981791e-02 8.252978689746010010e-01
7.654228880278710623e-01 -1.243742152463030853e-02 8.333958585854049916e-01
7.664706500074471851e-01 -1.258063349069534972e-02 8.429944115685196193e-01
7.675544865819601270e-01 -1.272876223340638560e-02 8.529225378504531330e-01
7.686396892225764166e-01 -1.287706499096616733e-02 8.628623599566305202e-01
7.697249714252190067e-01 -1.302536736910146417e-02 8.728021873667781705e-01
7.708103227011988690e-01 -1.317366920389806233e-02 8.827420072430365305e-01
7.718957351452732096e-01 -1.332197053379012563e-02 8.926818204475672758e-01
7.729812017939011737e-01 -1.347027139380822282e-02 9.026216277399135013e-01
7.740667165089443191e-01 -1.361857181593348169e-02 9.125614297896379457e-01
7.751522738761502662e-01 -1.376687182941122196e-02 9.225012271873770375e-01
7.762378691164978362e-01 -1.391517146102876079e-02 9.324410204544966163e-01
7.773234980087370127e-01 -1.406347073536173657e-02 9.423808100515310704e-01
7.784091568216763291e-01 -1.421176967499275003e-02 9.523205963855621015e-01
7.794948422549619060e-01 -1.436006830070563935e-02 9.622603798166737832e-01
7.805805513872555723e-01 -1.450836663165834019e-02 9.722001606636021531e-01
7.816662816308627137e-01 -1.465666468553685105e-02 9.821399392086821445e-01
7.827520306919864002e-01 -1.480496247869253490e-02 9.920797157021821189e-01
7.838377965358893640e-01 -1.495326002626472597e-02 1.002019490366103494e+00
7.849235773563403296e-01 -1.510155734229035734e-02 1.011959263397513631e+00
7.860093715488026822e-01 -1.524985443980211852e-02 1.021899034971470721e+00
7.870951776868919669e-01 -1.539815133091644063e-02 1.031838805243591839e+00
7.881809945016917673e-01 -1.554644802691249224e-02 1.041778574352310027e+00
7.892668208635693627e-01 -1.569474453830319721e-02 1.051718342420858709e+00
7.903526557661785246e-01 -1.584304087489916968e-02 1.061658109559016960e+00
7.914384983123781137e-01 -1.599133704586636062e-02 1.071597875864646277e+00
7.925243477018284466e-01 -1.613963305977809265e-02 1.081537641425044383e+00
7.936102032200582634e-01 -1.628792892466211784e-02 1.091477406318138055e+00
7.946960642288218857e-01 -1.643622464804323641e-02 1.101417170613535834e+00
7.957819301575880244e-01 -1.658452023698192557e-02 1.111356934373456840e+00
7.968678004960230155e-01 -1.673281569810943295e-02 1.121296697653551000e+00
7.979536747873472446e-01 -1.688111103765969900e-02 1.131236460503624697e+00
7.990395526224590705e-01 -1.702940626149841361e-02 1.141176222968281362e+00
8.001254336347345397e-01 -1.717770137514952958e-02 1.151115985087489468e+00
8.012113174954215156e-01 -1.732599638381948984e-02 1.161055746897085461e+00
8.022972039095574992e-01 -1.747429129241937287e-02 1.170995508429218734e+00
8.033830926123488592e-01 -1.762258610558518901e-02 1.180935269712747537e+00
8.044689833659575129e-01 -1.777088082769649399e-02 1.190875030773589138e+00
8.055548759566465433e-01 -1.791917546289348295e-02 1.200814791635031353e+00
8.066407701922432283e-01 -1.806747001509272088e-02 1.210754552318009880e+00
8.077266658998825122e-01 -1.821576448800162409e-02 1.220694312841354323e+00
8.088125629239982795e-01 -1.836405888513182108e-02 1.230634073222007352e+00
8.098984611245341192e-01 -1.851235320981147944e-02 1.240573833475219878e+00
8.109843603753484897e-01 -1.866064746519670303e-02 1.250513593614725361e+00
8.120702605627919679e-01 -1.880894165428209641e-02 1.260453353652895014e+00
8.131561615844371538e-01 -1.895723577991053829e-02 1.270393113600876367e+00
8.142420633479442449e-01 -1.910552984478225066e-02 1.280332873468717159e+00
8.153279657700467364e-01 -1.925382385146322956e-02 1.290272633265475699e+00
8.164138687756439250e-01 -1.940211780239307904e-02 1.300212392999320121e+00
8.174997722969887803e-01 -1.955041169989230748e-02 1.310152152677616977e+00
8.185856762729604164e-01 -1.969870554616911379e-02 1.320091912307010729e+00
8.196715806484115019e-01 -1.984699934332572954e-02 1.330031671893494805e+00
8.207574853735831732e-01 -1.999529309336433441e-02 1.339971431442475325e+00
8.218433904035797877e-01 -2.014358679819257952e-02 1.349911190958828611e+00
8.229292956978969675e-01 -2.029188045962875692e-02 1.359850950446952700e+00
8.240152012199974951e-01 -2.044017407940663944e-02 1.369790709910813309e+00
8.251011069369297291e-01 -2.058846765918001878e-02 1.379730469353985578e+00
8.261870128189841012e-01 -2.073676120052694166e-02 1.389670228779691818e+00
8.272729188393838085e-01 -2.088505470495370317e-02 1.399609988190834819e+00
8.283588249740062581e-01 -2.103334817389859376e-02 1.409549747590028490e+00
8.294447312011314910e-01 -2.118164160873541035e-02 1.419489506979625171e+00
8.305306375012154740e-01 -2.132993501077676962e-02 1.429429266361740503e+00
8.316165438566853751e-01 -2.147822838127722012e-02 1.439369025738275631e+00
8.327024502517544891e-01 -2.162652172143616353e-02 1.449308785110937192e+00
8.337883566722550377e-01 -2.177481503240062330e-02 1.459248544481255960e+00
8.348742631054869578e-01 -2.192310831526785020e-02 1.469188303850603061e+00
8.359601695400812327e-01 -2.207140157108776479e-02 1.479128063220204847e+00
8.370460759658757688e-01 -2.221969480086528198e-02 1.489067822591156443e+00
8.381319823738031527e-01 -2.236798800556250369e-02 1.499007581964434177e+00
8.392178887557891764e-01 -2.251628118610077625e-02 1.508947341340906467e+00
8.403037951046604670e-01 -2.266457434336264370e-02 1.518887100721343808e+00
8.413897014140608865e-01 -2.281286747819370395e-02 1.528826860106427876e+00
8.424756076783757042e-01 -2.296116059140434693e-02 1.538766619496759969e+00
8.435615138926625400e-01 -2.310945368377141304e-02 1.548706378892868551e+00
8.446474200525888598e-01 -2.325774675603976480e-02 1.558646138295215700e+00
8.457333261543750202e-01 -2.340603980892376826e-02 1.568585897704203758e+00
8.468192321947426437e-01 -2.355433284310869471e-02 1.578525657120180892e+00
8.479051381708676560e-01 -2.370262585925205640e-02 1.588465416543445752e+00
8.489910440803374314e-01 -2.385091885798487632e-02 1.598405175974252357e+00
8.500769499211118241e-01 -2.399921183991288870e-02 1.608344935412814536e+00
8.511628556914879740e-01 -2.414750480561768040e-02 1.618284694859309480e+00
8.522487613900681103e-01 -2.429579775565776298e-02 1.628224454313881742e+00
8.533346670157299085e-01 -2.444409069056960662e-02 1.638164213776646116e+00
8.544205725675998453e-01 -2.459238361086862543e-02 1.648103973247690091e+00
8.555064780450292172e-01 -2.474067651705009682e-02 1.658043732727077169e+00
8.565923834475716037e-01 -2.488896940959004281e-02 1.667983492214849095e+00
8.576782887749627715e-01 -2.503726228894607303e-02 1.677923251711027852e+00
8.587641940271022456e-01 -2.518555515555818622e-02 1.687863011215617881e+00
8.598500992040365443e-01 -2.533384800984953347e-02 1.697802770728607857e+00
8.609360043059440804e-01 -2.548214085222713643e-02 1.707742530249972246e+00
8.620219093331208393e-01 -2.563043368308257075e-02 1.717682289779672633e+00
8.631078142859680558e-01 -2.577872650279263572e-02 1.727622049317659725e+00
8.641937191649805561e-01 -2.592701931171997529e-02 1.737561808863874013e+00
8.652796239707361003e-01 -2.607531211021366785e-02 1.747501568418247109e+00
8.663655287038858344e-01 -2.622360489860980567e-02 1.757441327980703072e+00
8.674514333651456299e-01 -2.637189767723203265e-02 1.767381087551158636e+00
8.685373379552883133e-01 -2.652019044639205778e-02 1.777320847129524761e+00
8.696232424751360046e-01 -2.666848320639014780e-02 1.787260606715707301e+00
8.707091469255536786e-01 -2.681677595751560603e-02 1.797200366309607222e+00
8.717950513074433916e-01 -2.696506870004721293e-02 1.807140125911121942e+00
8.738582694480014901e-01 -2.724682488824280852e-02 1.826025669174551780e+00
8.775926936859346217e-01 -2.775680351855192712e-02 1.860208502547573639e+00
8.837772720775440849e-01 -2.860137895074517378e-02 1.916818693072859903e+00
8.926241055668605595e-01 -2.980951608891539706e-02 1.997797714715463302e+00
9.031102710719252080e-01 -3.124152308201806963e-02 2.093782313008581752e+00
9.139564944585715223e-01 -3.272270031700043325e-02 2.193062719353113366e+00
9.248155025163916632e-01 -3.420562361322401768e-02 2.292460179485787730e+00
9.356745230508787259e-01 -3.568854875878833821e-02 2.391857778078538388e+00
9.465335414582023432e-01 -3.717147373846799163e-02 2.491255376906347685e+00
9.573925581309695731e-01 -3.865439858691932518e-02 2.590652975925611834e+00
9.682515733825829418e-01 -4.013732333046136219e-02 2.690050575101699870e+00
9.791105874634972173e-01 -4.162024798929472164e-02 2.789448174406948588e+00
9.899696005744434979e-01 -4.310317257908197197e-02 2.888845773819194385e+00
1.000828612876945245e+00 -4.458609711208460363e-02 2.988243373320608409e+00
1.011687624501586225e+00 -4.606902159798983987e-02 3.087640972896780411e+00
1.022546635554478334e+00 -4.755194604451807444e-02 3.187038572536002423e+00
1.033405646122309340e+00 -4.903487045787346954e-02 3.286436172228711428e+00
1.044264656276286285e+00 -5.051779484308132478e-02 3.385833771967053263e+00
1.055123666075222566e+00 -5.200071920424290117e-02 3.485231371744541118e+00
1.065982675567960447e+00 -5.348364354472950194e-02 3.584628971555789079e+00
1.076841684795279530e+00 -5.496656786733148531e-02 3.684026571396300298e+00
1.087700693791407769e+00 -5.644949217437356809e-02 3.783424171262300906e+00
1.098559702585221620e+00 -5.793241646780469822e-02 3.882821771150607226e+00
1.109418711201204166e+00 -5.941534074926858866e-02 3.982219371058519641e+00
1.120277719660214277e+00 -6.089826502015945747e-02 4.081616970983739101e+00
1.131136727980105672e+00 -6.238118928166635352e-02 4.181014570924297402e+00
1.141995736176228737e+00 -6.386411353480862807e-02 4.280412170878501676e+00
1.152854744261838649e+00 -6.534703778046455080e-02 4.379809770844890870e+00
1.163713752248429101e+00 -6.682996201939438163e-02 4.479207370822198442e+00
1.174572760146006534e+00 -6.831288625225924449e-02 4.578604970809321273e+00
1.185431767963315508e+00 -6.979581047963652474e-02 4.678002570805294802e+00
1.196290775708026111e+00 -7.127873470203255346e-02 4.777400170809273483e+00
1.207149783386890052e+00 -7.276165891989314072e-02 4.876797770820513023e+00
1.218008791005870339e+00 -7.424458313361224915e-02 4.976195370838356169e+00
1.228867798570250747e+00 -7.572750734353927982e-02 5.075592970862221165e+00
1.239726806084727739e+00 -7.721043154998519231e-02 5.174990570891590203e+00
1.250585813553487968e+00 -7.869335575322761178e-02 5.274388170926001429e+00
1.261444820980274439e+00 -8.017627995351518655e-02 5.373785770965042730e+00
1.272303828368442469e+00 -8.165920415107129349e-02 5.473183371008343734e+00
1.283162835721007866e+00 -8.314212834609716052e-02 5.572580971055571375e+00
1.294021843040688013e+00 -8.462505253877454503e-02 5.671978571106427225e+00
1.304880850329937392e+00 -8.610797672926806534e-02 5.771376171160640389e+00
1.315739857590978001e+00 -8.759090091772717135e-02 5.870773771217965731e+00
1.326598864825825563e+00 -8.907382510428786537e-02 5.970171371278181205e+00
1.337457872036313278e+00 -9.055674928907420096e-02 6.069568971341084307e+00
1.348316879224111142e+00 -9.203967347219955963e-02 6.168966571406491184e+00
1.359175886390743493e+00 -9.352259765376780276e-02 6.268364171474233082e+00
1.370034893537604548e+00 -9.500552183387424299e-02 6.367761771544156346e+00
1.380893900665971730e+00 -9.648844601260651854e-02 6.467159371616120644e+00
1.391752907777017434e+00 -9.797137019004538427e-02 6.566556971689996303e+00
1.402611914871819465e+00 -9.945429436626535002e-02 6.665954571765665193e+00
1.413470921951370363e+00 -1.009372185413352635e-01 6.765352171843018070e+00
1.424329929016585394e+00 -1.024201427153188931e-01 6.864749771921952792e+00
1.435188936068310106e+00 -1.039030668882753583e-01 6.964147372002376102e+00
1.446047943107326317e+00 -1.053859910602595457e-01 7.063544972084202733e+00
1.456906950134358336e+00 -1.068689152313225116e-01 7.162942572167352751e+00
1.467765957150077849e+00 -1.083518394015117875e-01 7.262340172251751547e+00
1.478624964155108579e+00 -1.098347635708716991e-01 7.361737772337330732e+00
1.489483971150030728e+00 -1.113176877394436298e-01 7.461135372424026357e+00
1.500342978135384087e+00 -1.128006119072662433e-01 7.560532972511778027e+00
1.511201985111672030e+00 -1.142835360743757328e-01 7.659930572600530674e+00
1.522060992079364183e+00 -1.157664602408060156e-01 7.759328172690232783e+00
1.532919999038898862e+00 -1.172493844065888996e-01 7.858725772780835506e+00
1.543779005990686404e+00 -1.187323085717542359e-01 7.958123372872293544e+00
1.554638012935110725e+00 -1.202152327363300854e-01 8.057520972964566042e+00
1.565497019872531315e+00 -1.216981569003428576e-01 8.156918573057611255e+00
1.576356026803285681e+00 -1.231810810638173936e-01 8.256316173151391880e+00
1.587215033727690683e+00 -1.246640052267771193e-01 8.355713773245874165e+00
1.598074040646043636e+00 -1.261469293892441557e-01 8.455111373341026137e+00
1.608933047558624319e+00 -1.276298535512393750e-01 8.554508973436815822e+00
1.619792054465696074e+00 -1.291127777127824561e-01 8.653906573533213020e+00
1.630651061367506927e+00 -1.305957018738920505e-01 8.753304173630191087e+00
1.641510068264290911e+00 -1.320786260345858387e-01 8.852701773727725154e+00
1.652369075156268519e+00 -1.335615501948805017e-01 8.952099373825790352e+00
1.663228082043648026e+00 -1.350444743547918880e-01 9.051496973924363587e+00
1.674087088926626388e+00 -1.365273985143350410e-01 9.150894574023423544e+00
1.684946095805389676e+00 -1.380103226735241995e-01 9.250292174122948907e+00
1.695805102680113974e+00 -1.394932468323729080e-01 9.349689774222920136e+00
1.706664109550966035e+00 -1.409761709908940452e-01 9.449087374323319466e+00
1.717523116418103735e+00 -1.424590951490998514e-01 9.548484974424129135e+00
1.728382123281676952e+00 -1.439420193070019838e-01 9.647882574525333155e+00
1.739241130141828018e+00 -1.454249434646115446e-01 9.747280174626915539e+00
1.750100136998691713e+00 -1.469078676219390811e-01 9.846677774728860300e+00
nan nan nan
nan nan nan
nan nan nan
nan nan nan
nan nan nan
nan nan nan
nan nan nan
nan nan nan
nan nan nan
nan nan nan
nan nan nan
nan nan nan
nan nan nan
nan nan nan
nan nan nan
nan nan nan
nan nan nan
nan nan nan
nan nan nan
nan nan nan
nan nan nan
nan nan nan
nan nan nan
nan nan nan
nan nan nan
nan nan nan
nan nan nan
nan nan nan
nan nan nan
nan nan nan
nan nan nan
nan nan nan
nan nan nan
nan nan nan
nan nan nan
nan nan nan
nan nan nan
nan nan nan
nan nan nan
nan nan nan
nan nan nan
nan nan nan
nan nan nan
nan nan nan
nan nan nan
nan nan nan
nan nan nan
nan nan nan
nan nan nan
nan nan nan
nan nan nan
