# X Y Z
9.898681674721240498e+00 -9.539596429956262447e-03 1.621735399609079975e-01
9.798681707067441238e+00 -9.544248288464299290e-03 1.622538358233309441e-01
9.698681740097494952e+00 -9.548900637795154286e-03 1.623349787852052251e-01
9.598681773840391784e+00 -9.553553501713198115e-03 1.624169954445013886e-01
9.498681808326765008e+00 -9.558206905435335729e-03 1.624999135349063650e-01
9.398681843589001161e+00 -9.562860875739325958e-03 1.625837619877491258e-01
9.298681879661364391e+00 -9.567515441081564029e-03 1.626685709980763839e-01
9.198681916580136786e+00 -9.572170631726641121e-03 1.627543720952117912e-01
9.098681954383764037e+00 -9.576826479888195243e-03 1.628411982181655060e-01
8.998681993113013533e+00 -9.581483019882682320e-03 1.629290837962928673e-01
8.898682032811150222e+00 -9.586140288297129164e-03 1.630180648356399919e-01
8.798682073524128455e+00 -9.590798324174127851e-03 1.631081790114604635e-01
8.698682115300798046e+00 -9.595457169214668264e-03 1.631994657674326055e-01
8.598682158193133418e+00 -9.600116868001044856e-03 1.632919664221618994e-01
8.498682202256478746e+00 -9.604777468241376334e-03 1.633857242836138368e-01
8.398682247549819735e+00 -9.609439021039006476e-03 1.634807847721886642e-01
8.298682294136083826e+00 -9.614101581191320661e-03 1.635771955532253075e-01
8.198682342082467045e+00 -9.618765207519206287e-03 1.636750066798096093e-01
8.098682391460792829e+00 -9.623429963231022038e-03 1.637742707468557157e-01
7.998682442347906374e+00 -9.628095916326902953e-03 1.638750430575361960e-01
7.898682494826114286e+00 -9.632763140048223802e-03 1.639773818032611019e-01
7.798682548983666862e+00 -9.637431713377607109e-03 1.640813482585460892e-01
7.698682604915289218e+00 -9.642101721596053887e-03 1.641870069922652942e-01
7.598682662722771930e+00 -9.646773256904932203e-03 1.642944260969621262e-01
7.498682722515627397e+00 -9.651446419123100098e-03 1.644036774380979171e-01
7.398682784411817259e+00 -9.656121316467076651e-03 1.645148369253532084e-01
7.298682848538564194e+00 -9.660798066428272560e-03 1.646279848083605779e-01
7.198682915033255192e+00 -9.665476796761008835e-03 1.647432059995553311e-01
7.098682984044452304e+00 -9.670157646596575299e-03 1.648605904271902012e-01
6.998683055733024183e+00 -9.674840767703689337e-03 1.649802334219598043e-01
6.898683130273413511e+00 -9.679526325916260054e-03 1.651022361411610684e-01
6.798683207855065191e+00 -9.684214502757112000e-03 1.652267060348645844e-01
6.698683288684033954e+00 -9.688905497287127536e-03 1.653537573592075982e-01
6.598683372984800677e+00 -9.693599528216046216e-03 1.654835117426719793e-01
6.498683461002326744e+00 -9.698296836320121142e-03 1.656160988120859157e-01
6.398683553004386404e+00 -9.702997687218229902e-03 1.657516568861199802e-01
6.298683649284220643e+00 -9.707702374566746020e-03 1.658903337452631299e-01
6.198683750163564987e+00 -9.712411223749804062e-03 1.660322874887052713e-01
6.098683855996113401e+00 -9.717124596155939445e-03 1.661776874902682610e-01
5.998683967171493769e+00 -9.721842894146022485e-03 1.663267154675676651e-01
5.898684084119845572e+00 -9.726566566841123376e-03 1.664795666810369168e-01
5.798684207317104544e+00 -9.731296116896773901e-03 1.666364512823882704e-01
5.698684337291126667e+00 -9.736032108452471329e-03 1.667975958356441857e-01
5.598684474628813135e+00 -9.740775176495687984e-03 1.669632450381828281e-01
5.498684619984429922e+00 -9.745526037933528729e-03 1.671336636744983895e-01
5.398684774089360872e+00 -9.750285504731842287e-03 1.673091388418209424e-01
5.298684937763585623e+00 -9.755054499575420077e-03 1.674899824946581572e-01
5.198685111929258085e+00 -9.759834074601977591e-03 1.676765343651178963e-01
5.098685297626840196e+00 -9.764625433916995084e-03 1.678691653280492135e-01
4.998685496034362963e+00 -9.769429960774411031e-03 1.680682812952732919e-01
4.898685708490557289e+00 -9.774249250534806921e-03 1.682743277423077721e-01
4.798685936522775641e+00 -9.779085150812442256e-03 1.684877949951882059e-01
4.698686181880907142e+00 -9.783939810642593160e-03 1.687092244357994986e-01
4.598686446578835074e+00 -9.788815740999302906e-03 1.689392158235460129e-01
4.498686732945448519e+00 -9.793715889675256789e-03 1.691784359820001360e-01
4.398687043687878884e+00 -9.798643734455308313e-03 1.694276291651163335e-01
4.298687381970482946e+00 -9.803603399718970740e-03 1.696876295037984261e-01
4.198687751514302846e+00 -9.808599803266902090e-03 1.699593760471007631e-01
4.098688156723416576e+00 -9.813638842373090948e-03 1.702439310629890457e-01
3.998688602846946161e+00 -9.818727631069026213e-03 1.705425024651968380e-01
3.898689096188867609e+00 -9.823874804903124855e-03 1.708564715048373761e-01
3.798689644382641450e+00 -9.829090915190919972e-03 1.711874272360434657e-01
3.698690256754824990e+00 -9.834388942913090820e-03 1.715372097746542535e-01
3.598690944812436232e+00 -9.839784973995482215e-03 1.719079650772156465e-01
3.498691722904863077e+00 -9.845299094163768860e-03 1.723022149620826449e-01
3.398692609135684606e+00 -9.850956585411454677e-03 1.727229475075938714e-01
3.298693626638153908e+00 -9.856789541116328310e-03 1.731737349950957516e-01
3.198694805389189266e+00 -9.862839068479765242e-03 1.736588895282761558e-01
3.098696184835985079e+00 -9.869158324780051214e-03 1.741836708445718418e-01
2.998697817774299335e+00 -9.875816752569604659e-03 1.747545674240970348e-01
2.898699776198267131e+00 -9.882906062962354410e-03 1.753796820815375079e-01
2.798702160332521949e+00 -9.890548807077634633e-03 1.760692689484043838e-01
2.698705112941213624e+00 -9.898910845263928643e-03 1.768364938176317791e-01
2.598708842652120765e+00 -9.908219800064652777e-03 1.776985307837056216e-01
2.498713663203623092e+00 -9.918792897553516813e-03 1.786781769786977558e-01
2.398720061890307509e+00 -9.931079915398167632e-03 1.798062868678571569e-01
2.298728823891455164e+00 -9.945731170059075518e-03 1.811255436946403730e-01
2.198741268981751151e+00 -9.963708507085068319e-03 1.826964944294658388e-01
2.098759727847060663e+00 -9.986473430965715423e-03 1.846075920180340335e-01
1.998788566686828139e+00 -1.001632137560775487e-02 1.869927396504275363e-01
1.898836582407248619e+00 -1.005701303444446817e-02 1.900639206569517126e-01
1.888842821415579909e+00 -1.006182754232020152e-02 1.904170374334730187e-01
1.878849438688256823e+00 -1.006681763508267963e-02 1.907806961845184279e-01
1.868856463451585626e+00 -1.007199226838614153e-02 1.911553791463053986e-01
1.858863927676196015e+00 -1.007736097384099444e-02 1.915415981065413387e-01
1.848871866383263951e+00 -1.008293390552247003e-02 1.919398967357093255e-01
1.838880317990784219e+00 -1.008872189112969275e-02 1.923508531490280560e-01
1.828889324705964770e+00 -1.009473648837402524e-02 1.927750827269643363e-01
1.818898932970872906e+00 -1.010099004724521361e-02 1.932132412261998999e-01
1.808909193969731488e+00 -1.010749577888649629e-02 1.936660282176803638e-01
1.798920164207784778e+00 -1.011426783195716606e-02 1.941341908938246930e-01
1.788931906173493402e+00 -1.012132137746194795e-02 1.946185282934759786e-01
1.778944489098042592e+00 -1.012867270317685010e-02 1.951198960008069805e-01
1.768957989828855881e+00 -1.013633931903805581e-02 1.956392113833872459e-01
1.758972493837112960e+00 -1.014434007502190184e-02 1.961774594453932763e-01
1.748988096383324198e+00 -1.015269529332064880e-02 1.967356993846877400e-01
1.739004903870007723e+00 -1.016142691696129974e-02 1.973150719578050660e-01
1.729023035416701326e+00 -1.017055867735304660e-02 1.979168077753044597e-01
1.719042624700227284e+00 -1.018011628373312501e-02 1.985422366720988041e-01
1.709063822112744102e+00 -1.019012763802988435e-02 1.991927983242816058e-01
1.699086797302208351e+00 -1.020062307928716779e-02 1.998700543167467036e-01
1.689111742175149589e+00 -1.021163566269275846e-02 2.005757019059507262e-01
1.679138874461103326e+00 -1.022320147922569332e-02 2.013115897714739255e-01
1.669168441962923799e+00 -1.023536002317377083e-02 2.020797361109232526e-01
1.659200727649262630e+00 -1.024815461635296410e-02 2.028823495085031181e-01
1.649236055787099087e+00 -1.026163289981046889e-02 2.037218531022149115e-01
1.639274799366591484e+00 -1.027584740623249844e-02 2.046009126937105016e-01
1.629317389142176387e+00 -1.029085622937704961e-02 2.055224695955827630e-01
1.619364324709032577e+00 -1.030672381081518089e-02 2.064897792028218548e-01
1.609416188161614025e+00 -1.032352186930558455e-02 2.075064565215273549e-01
1.599473661053547158e+00 -1.034133050478781499e-02 2.085765302061687310e-01
1.589537545614006842e+00 -1.036023951738896873e-02 2.097045070710165104e-01
1.579608791501291742e+00 -1.038034999314133532e-02 2.108954495849570399e-01
1.569688529828965340e+00 -1.040177622297371561e-02 2.121550695777218443e-01
1.559778116842417406e+00 -1.042464804131180978e-02 2.134898423442764259e-01
1.549879190543244301e+00 -1.044911369733297554e-02 2.149071466232882199e-01
1.539993744892910854e+00 -1.047534340812531460e-02 2.164154376736306951e-01
1.539993744892910854e+00 -1.047534340812531460e-02 2.164154376736306951e-01
1.535254207469756604e+00 -1.048861000043603380e-02 2.171742012984313741e-01
1.528057847761979060e+00 -1.050969821794294455e-02 2.183748364626859617e-01
1.528057847761979060e+00 -1.050969821794294455e-02 2.183748364626859617e-01
1.523904161591203232e+00 -1.052241745273749078e-02 2.190959175873336828e-01
1.517355745948516743e+00 -1.054335532250777821e-02 2.202780577350680336e-01
1.517355745948516743e+00 -1.054335532250777821e-02 2.202780577350680336e-01
1.513695670126722570e+00 -1.055555475007620599e-02 2.209641776461127305e-01
1.507746279854462523e+00 -1.057620975268335622e-02 2.221215370995023308e-01
1.507746279854462523e+00 -1.057620975268335622e-02 2.221215370995023308e-01
1.504501390083134327e+00 -1.058792695663069404e-02 2.227757887767041478e-01
1.499093462848346103e+00 -1.060822159840027132e-02 2.239051524941368665e-01
1.499093462848346103e+00 -1.060822159840027132e-02 2.239051524941368665e-01
1.496200272343565674e+00 -1.061949083226479233e-02 2.245302688045432427e-01
1.491277881657534055e+00 -1.063937597517733424e-02 2.256299280831216281e-01
1.491277881657534055e+00 -1.063937597517733424e-02 2.256299280831216281e-01
1.488684662518968915e+00 -1.065022848246619316e-02 2.262283313356013015e-01
1.484195858839459703e+00 -1.066967517153579077e-02 2.272976037549911954e-01
1.484195858839459703e+00 -1.066967517153579077e-02 2.272976037549911954e-01
1.481860176712227029e+00 -1.068013946991792397e-02 2.278714477409815864e-01
1.477757910769742722e+00 -1.069913305005366737e-02 2.289103428631264203e-01
1.477757910769742722e+00 -1.069913305005366737e-02 2.289103428631264203e-01
1.475644710369300672e+00 -1.070923521387445038e-02 2.294615499561270255e-01
1.471886987159457094e+00 -1.072777114247270777e-02 2.304705390741387805e-01
1.471886987159457094e+00 -1.072777114247270777e-02 2.304705390741387805e-01
1.469967107785486338e+00 -1.073753506154172775e-02 2.310008319256544040e-01
1.466516755799494254e+00 -1.075561591237653679e-02 2.319806887913894999e-01
1.466516755799494254e+00 -1.075561591237653679e-02 2.319806887913894999e-01
1.464765777167933436e+00 -1.076506352164711793e-02 2.324916170756264056e-01
1.461590044469439631e+00 -1.078269682948010053e-02 2.334433073055701136e-01
1.461590044469439631e+00 -1.078269682948010053e-02 2.334433073055701136e-01
1.459987384961519696e+00 -1.079184831058098253e-02 2.339362702169401897e-01
1.457057476126786710e+00 -1.080904501308484027e-02 2.348608743188532189e-01
1.457057476126786710e+00 -1.080904501308484027e-02 2.348608743188532189e-01
1.455585683979247591e+00 -1.081791897079754060e-02 2.353371395300563607e-01
1.452876297224568347e+00 -1.083469227821723564e-02 2.362357993300335801e-01
1.452876297224568347e+00 -1.083469227821723564e-02 2.362357993300335801e-01
1.451520489694851701e+00 -1.084330589537905488e-02 2.366965190357896709e-01
1.449009383125668959e+00 -1.085967046891399279e-02 2.375704005142325881e-01
1.449009383125668959e+00 -1.085967046891399279e-02 2.375704005142325881e-01
1.447756799735675726e+00 -1.086803964288535901e-02 2.380166250784682136e-01
1.445424399011832950e+00 -1.088401099741990487e-02 2.388668927809649845e-01
1.445424399011832950e+00 -1.088401099741990487e-02 2.388668927809649845e-01
1.444264043263469466e+00 -1.089215046083753628e-02 2.392995824107028990e-01
1.442093094032392830e+00 -1.090774453175496518e-02 2.401273820673973380e-01
1.442093094032392830e+00 -1.090774453175496518e-02 2.401273820673973380e-01
1.441015444182543126e+00 -1.091566795981468302e-02 2.405474168532646395e-01
1.438990708048617950e+00 -1.093090079046281360e-02 2.413538638380573753e-01
1.438990708048617950e+00 -1.093090079046281360e-02 2.413538638380573753e-01
1.437987482146131146e+00 -1.093862089659453432e-02 2.417620524351278277e-01
1.436095472770107850e+00 -1.095350841480559334e-02 2.425482243867374543e-01
1.436095472770107850e+00 -1.095350841480559334e-02 2.425482243867374543e-01
1.435159436609616090e+00 -1.096103703626012671e-02 2.429453115560229193e-01
1.433388191688232727e+00 -1.097559489681036032e-02 2.437122439628869597e-01
1.433388191688232727e+00 -1.097559489681036032e-02 2.437122439628869597e-01
1.432513000924372504e+00 -1.098294307145136067e-02 2.440989171529387991e-01
1.430851885657890454e+00 -1.099718654743792740e-02 2.448476010437584949e-01
1.430851885657890454e+00 -1.099718654743792740e-02 2.448476010437584949e-01
1.430031955280226752e+00 -1.100436458280838747e-02 2.452244961587047578e-01
1.428471493156403094e+00 -1.101830849334831976e-02 2.459558772799750881e-01
1.428471493156403094e+00 -1.101830849334831976e-02 2.459558772799750881e-01
1.427701889013513359e+00 -1.102532602892025877e-02 2.463235837529845484e-01
1.426233616123514958e+00 -1.103898469374877712e-02 2.470385627837453912e-01
1.426233616123514958e+00 -1.103898469374877712e-02 2.470385627837453912e-01
1.425509964313794287e+00 -1.104585075714839028e-02 2.473976280565878261e-01
1.424126303842015107e+00 -1.105923797113997006e-02 2.480970615384043010e-01
1.424126303842015107e+00 -1.105923797113997006e-02 2.480970615384043010e-01
1.423444714666062927e+00 -1.106596102902139209e-02 2.484479950290933159e-01
1.422138868639428733e+00 -1.107909005135518724e-02 2.491326967745951804e-01
1.422138868639428733e+00 -1.107909005135518724e-02 2.491326967745951804e-01
1.421495872481147282e+00 -1.108567805550840155e-02 2.494759734028458020e-01
1.420261728263772394e+00 -1.109856160954409907e-02 2.501467162130801558e-01
1.420261728263772394e+00 -1.109856160954409907e-02 2.501467162130801558e-01
1.419654221295052698e+00 -1.110502203874127493e-02 2.504827795411256885e-01
1.418486270682004280e+00 -1.111767231959075695e-02 2.511402971068792400e-01
1.418486270682004280e+00 -1.111767231959075695e-02 2.511402971068792400e-01
1.417911468692531152e+00 -1.112401221764385689e-02 2.514695621466609410e-01
1.416804737766471201e+00 -1.113644090526587013e-02 2.521145510480631846e-01
1.416804737766471201e+00 -1.113644090526587013e-02 2.521145510480631846e-01
1.416260136749434739e+00 -1.114266691567559336e-02 2.524374067756376405e-01
1.415210124948983017e+00 -1.115488519175128826e-02 2.530705285144519423e-01
1.415210124948983017e+00 -1.115488519175128826e-02 2.530705285144519423e-01
1.414693467326289644e+00 -1.116100358929703572e-02 2.533873401281829252e-01
1.413696094403684045e+00 -1.117302215664233052e-02 2.540092231493226160e-01
1.413696094403684045e+00 -1.117302215664233052e-02 2.540092231493226160e-01
1.413205339979127562e+00 -1.117903887624135950e-02 2.543203341029993680e-01
1.412256899726229475e+00 -1.119086797981870898e-02 2.549315757749102129e-01
1.412256899726229475e+00 -1.119086797981870898e-02 2.549315757749102129e-01
1.411790200619034596e+00 -1.119678864291523933e-02 2.552373096122941831e-01
1.410887320411355228e+00 -1.120843809172001118e-02 2.558384781452264778e-01
1.410887320411355228e+00 -1.120843809172001118e-02 2.558384781452264778e-01
1.410442999353787918e+00 -1.121426803045420632e-02 2.561391401589054317e-01
1.409582604705288178e+00 -1.122574721975666719e-02 2.567307764474119902e-01
1.409582604705288178e+00 -1.122574721975666719e-02 2.567307764474119902e-01
1.409159136192799311e+00 -1.123149149914238337e-02 2.570266551826614898e-01
1.408338419632537919e+00 -1.124280943271148935e-02 2.576092745657456162e-01
1.408338419632537919e+00 -1.124280943271148935e-02 2.576092745657456162e-01
1.407934413503238780e+00 -1.124847287099955268e-02 2.579006431860989546e-01
1.407150807190953312e+00 -1.125963818301609250e-02 2.584747371196117749e-01
1.407150807190953312e+00 -1.125963818301609250e-02 2.584747371196117749e-01
1.406764994278929093e+00 -1.126522537044727726e-02 2.587618546502928885e-01
1.406016145857923227e+00 -1.127624634694062919e-02 2.593278922921981033e-01
1.406016145857923227e+00 -1.127624634694062919e-02 2.593278922921981033e-01
1.405647365425140460e+00 -1.128176166301331218e-02 2.596110047537721899e-01
1.404931116688640680e+00 -1.129264626264402972e-02 2.601694344612078269e-01
1.404931116688640680e+00 -1.129264626264402972e-02 2.601694344612078269e-01
1.404578305384665882e+00 -1.129809389206434464e-02 2.604487759061599461e-01
1.403892673387893142e+00 -1.130884976621315818e-02 2.610000266484338027e-01
1.403892673387893142e+00 -1.130884976621315818e-02 2.610000266484338027e-01
1.403554855527730405e+00 -1.131423371364039497e-02 2.612758201105081501e-01
1.402898015833808465e+00 -1.132486822572250154e-02 2.618203028002494825e-01
1.402898015833808465e+00 -1.132486822572250154e-02 2.618203028002494825e-01
1.402574294815700062e+00 -1.133019232942483398e-02 2.620927611657030698e-01
1.401944566606062148e+00 -1.134071257341043130e-02 2.626308699120150636e-01
1.401944566606062148e+00 -1.134071257341043130e-02 2.626308699120150636e-01
1.401634117317618999e+00 -1.134598051794124228e-02 2.629001967211925250e-01
1.401029950134306201e+00 -1.135639333609383440e-02 2.634323100096017112e-01
1.401029950134306201e+00 -1.135639333609383440e-02 2.634323100096017112e-01
1.400732012218685485e+00 -1.136160866407171302e-02 2.636987001955631849e-01
1.400151974139479893e+00 -1.137192066388987947e-02 2.642251819982663341e-01
1.400151974139479893e+00 -1.137192066388987947e-02 2.642251819982663341e-01
1.399865846010978965e+00 -1.137708678697624265e-02 2.644888225693458605e-01
1.399308613083274144e+00 -1.138730435738424460e-02 2.650100233911252823e-01
1.399308613083274144e+00 -1.138730435738424460e-02 2.650100233911252823e-01
1.399033646598549119e+00 -1.139242456652500221e-02 2.652710940626875624e-01
1.398497993383031490e+00 -1.140255389331699953e-02 2.657873519260551820e-01
1.398497993383031490e+00 -1.140255389331699953e-02 2.657873519260551820e-01
1.398233589086475659e+00 -1.140763136832547917e-02 2.660460257069588441e-01
1.397718380179639119e+00 -1.141767844892407902e-02 2.665576670816323657e-01
1.397718380179639119e+00 -1.141767844892407902e-02 2.665576670816323657e-01
1.397463983053421011e+00 -1.142271626746594985e-02 2.668141108197432665e-01
1.396968165476282664e+00 -1.143268692501403679e-02 2.673214515001847702e-01
1.396968165476282664e+00 -1.143268692501403679e-02 2.673214515001847702e-01
1.396723261135065064e+00 -1.143768807104399154e-02 2.675758263907417334e-01
1.396245857490027831e+00 -1.144758796786360736e-02 2.680791723251712000e-01
1.396245857490027831e+00 -1.144758796786360736e-02 2.680791723251712000e-01
1.396009968767357945e+00 -1.145255533958020912e-02 2.683316343865606579e-01
1.395550071075529530e+00 -1.146238999006896249e-02 2.688312824629471853e-01
1.395550071075529530e+00 -1.146238999006896249e-02 2.688312824629471853e-01
1.395322754957645461e+00 -1.146732640742103779e-02 2.690819829822312936e-01
1.394879519103269017e+00 -1.147710119039318903e-02 2.695782217729600361e-01
1.394879519103269017e+00 -1.147710119039318903e-02 2.695782217729600361e-01
1.394660363970125605e+00 -1.148200940219476322e-02 2.698273077250472607e-01
1.394233004684589883e+00 -1.149172957273694902e-02 2.703204181954023677e-01
1.394233004684589883e+00 -1.149172957273694902e-02 2.703204181954023677e-01
1.394021627824471032e+00 -1.149661226341877965e-02 2.705680326379159562e-01
1.393609414153320403e+00 -1.150628296427937992e-02 2.710582888203045271e-01
1.393609414153320403e+00 -1.150628296427937992e-02 2.710582888203045271e-01
1.393405459520544953e+00 -1.151114276032653636e-02 2.713045712672546017e-01
1.393007710721611891e+00 -1.152076903289985660e-02 2.717922409054403521e-01
1.393007710721611891e+00 -1.152076903289985660e-02 2.717922409054403521e-01
1.392810846911531675e+00 -1.152560850900121239e-02 2.720373276815465369e-01
1.392426928740214009e+00 -1.153519530392751839e-02 2.725226728469695159e-01
1.392426928740214009e+00 -1.153519530392751839e-02 2.725226728469695159e-01
1.392236847158325741e+00 -1.154001698887229671e-02 2.727666974249841059e-01
1.391866168500156986e+00 -1.154956917630475637e-02 2.732499751084300765e-01
1.391866168500156986e+00 -1.154956917630475637e-02 2.732499751084300765e-01
1.391682581705192767e+00 -1.155437555865818262e-02 2.734930684313798821e-01
1.391324591520949783e+00 -1.156389793823186900e-02 2.739745311126056682e-01
1.391324591520949783e+00 -1.156389793823186900e-02 2.739745311126056682e-01
1.391147231724218392e+00 -1.156869147181663164e-02 2.742168219027477649e-01
1.390801416276809199e+00 -1.157818878235666350e-02 2.746967181005805503e-01
1.390801416276809199e+00 -1.157818878235666350e-02 2.746967181005805503e-01
1.390630033982122704e+00 -1.158297189156856297e-02 2.749383331568267530e-01
1.390295914317934090e+00 -1.159244882057733871e-02 2.754169079623074445e-01
1.390295914317934090e+00 -1.159244882057733871e-02 2.754169079623074445e-01
1.390130277088526212e+00 -1.159722390555676004e-02 2.756579724474444437e-01
1.389807406749461904e+00 -1.160668509850792604e-02 2.761354680418567353e-01
1.389807406749461904e+00 -1.160668509850792604e-02 2.761354680418567353e-01
1.389647298089469851e+00 -1.161145454019609814e-02 2.763761057614069760e-01
1.389335261033791014e+00 -1.162090460967898052e-02 2.768527619221444191e-01
1.389335261033791014e+00 -1.162090460967898052e-02 2.768527619221444191e-01
1.389180479373686161e+00 -1.162567077478199144e-02 2.770930955961206088e-01
1.388878888086935159e+00 -1.163511430953371138e-02 2.775691501922614157e-01
1.388878888086935159e+00 -1.163511430953371138e-02 2.775691501922614157e-01
1.388729245863551620e+00 -1.163987955541018193e-02 2.778093017209091187e-01
1.388437739643028079e+00 -1.164932112925471698e-02 2.782849912001280068e-01
1.388437739643028079e+00 -1.164932112925471698e-02 2.782849912001280068e-01
1.388293062465404182e+00 -1.165408780876285577e-02 2.785250819255331023e-01
1.388011305862526745e+00 -1.166353198951619076e-02 2.790006417955692708e-01
1.388011305862526745e+00 -1.166353198951619076e-02 2.790006417955692708e-01
1.387871431756552809e+00 -1.166830245582493701e-02 2.792407927597230777e-01
1.387599113164672548e+00 -1.167775381417537374e-02 2.797164580651514965e-01
1.387599113164672548e+00 -1.167775381417537374e-02 2.797164580651514965e-01
1.387463891889624934e+00 -1.168253042557632591e-02 2.799567902662188912e-01
1.387200722264892550e+00 -1.169199354399612714e-02 2.804327960635796813e-01
1.387200722264892550e+00 -1.169199354399612714e-02 2.804327960635796813e-01
1.387070014696209386e+00 -1.169677866872930079e-02 2.806734307113284421e-01
1.386815726401387394e+00 -1.170625815044243519e-02 2.811500125441502296e-01
1.386815726401387394e+00 -1.170625815044243519e-02 2.811500125441502296e-01
1.386689403974616930e+00 -1.171105417155486259e-02 2.813910713155916565e-01
1.386443749736750997e+00 -1.172055464959376007e-02 2.818684656910595554e-01
1.386443749736750997e+00 -1.172055464959376007e-02 2.818684656910595554e-01
1.386321693947909273e+00 -1.172536396986555672e-02 2.821100709879396651e-01
1.386084445921258457e+00 -1.173489011626932879e-02 2.825885158581333823e-01
1.386084445921258457e+00 -1.173489011626932879e-02 2.825885158581333823e-01
1.385966547879871502e+00 -1.173971516321375627e-02 2.828307910670444514e-01
1.385737496807411651e+00 -1.174927169839138676e-02 2.833105263159846343e-01
1.385737496807411651e+00 -1.174927169839138676e-02 2.833105263159846343e-01
1.385623656838682383e+00 -1.175411492936231928e-02 2.835535960724698823e-01
1.385402611305744935e+00 -1.176370663166587983e-02 2.840348640114043199e-01
1.385402611305744935e+00 -1.176370663166587983e-02 2.840348640114043199e-01
1.385292738598817630e+00 -1.176857053909164189e-02 2.842788544693282682e-01
1.385079524373397986e+00 -1.177820225464001891e-02 2.847619003425079787e-01
1.385079524373397986e+00 -1.177820225464001891e-02 2.847619003425079787e-01
1.384973536673119510e+00 -1.178308937140909105e-02 2.850069394499978315e-01
1.384767996128154266e+00 -1.179276602420916559e-02 2.854920119532543543e-01
1.384767996128154266e+00 -1.179276602420916559e-02 2.854920119532543543e-01
1.384665819468140491e+00 -1.179767892923561101e-02 2.857382297365055890e-01
1.384467811081792288e+00 -1.180740553164372035e-02 2.862255815509243129e-01
1.384467811081792288e+00 -1.180740553164372035e-02 2.862255815509243129e-01
1.384369379556953827e+00 -1.181234685563551171e-02 2.864731104072408829e-01
1.384178777487574008e+00 -1.182212851920753059e-02 2.869629987503712343e-01
1.384178777487574008e+00 -1.182212851920753059e-02 2.869629987503712343e-01
1.384084033064526986e+00 -1.182710095067168905e-02 2.872119737520411054e-01
1.383900726797451908e+00 -1.183694289745521738e-02 2.877046609495293450e-01
1.383900726797451908e+00 -1.183694289745521738e-02 2.877046609495293450e-01
1.383809619161692428e+00 -1.184194918896380212e-02 2.879552201599007710e-01
1.383633513225870360e+00 -1.185185676328301060e-02 2.884509742399653520e-01
1.383633513225870360e+00 -1.185185676328301060e-02 2.884509742399653520e-01
1.383545999664750781e+00 -1.185689973803886327e-02 2.887032590435420487e-01
1.383377013417472323e+00 -1.186687841883573603e-02 2.892023543575741318e-01
1.383377013417472323e+00 -1.186687841883573603e-02 2.892023543575741318e-01
1.383293058738349401e+00 -1.187196097757277878e-02 2.894565098059990182e-01
1.383131126216976980e+00 -1.188201639137011038e-02 2.899592276786658318e-01
1.383131126216976980e+00 -1.188201639137011038e-02 2.899592276786658318e-01
1.383050702700328927e+00 -1.188714151962129602e-02 2.902154028542195396e-01
1.382895772540701840e+00 -1.189727945416808527e-02 2.907220322659391787e-01
1.382895772540701840e+00 -1.189727945416808527e-02 2.907220322659391787e-01
1.382818859928088839e+00 -1.190245022994924559e-02 2.909803806649050584e-01
1.382670895349422224e+00 -1.191267664863066358e-02 2.914912189709592538e-01
1.382670895349422224e+00 -1.191267664863066358e-02 2.914912189709592538e-01
1.382597480866631701e+00 -1.191789625057916580e-02 2.917518989088924153e-01
1.382456459723590880e+00 -1.192821730766388533e-02 2.922672525987952130e-01
1.382456459723590880e+00 -1.192821730766388533e-02 2.922672525987952130e-01
1.382386538139464660e+00 -1.193348902368633439e-02 2.925304276403615789e-01
1.382252453042382312e+00 -1.194391108050985029e-02 2.930506131422891403e-01
1.382252453042382312e+00 -1.194391108050985029e-02 2.930506131422891403e-01
1.382186026764264719e+00 -1.194923831698933847e-02 2.933164525581408721e-01
1.382058885269282555e+00 -1.195976795915836347e-02 2.938417970927952871e-01
1.382058885269282555e+00 -1.195976795915836347e-02 2.938417970927952871e-01
1.381995964476250727e+00 -1.196515425078109596e-02 2.941104763465211547e-01
1.381875789347581041e+00 -1.197579830651011000e-02 2.946413188358619206e-01
1.381875789347581041e+00 -1.197579830651011000e-02 2.946413188358619206e-01
1.381816392162990015e+00 -1.198124732677834092e-02 2.949130201042651778e-01
1.381703221710169460e+00 -1.199201288647656384e-02 2.954497121408991567e-01
1.381703221710169460e+00 -1.199201288647656384e-02 2.954497121408991567e-01
1.381647374415446494e+00 -1.199752845897710495e-02 2.957246248710309611e-01
1.381541262909193657e+00 -1.200842289620513217e-02 2.962675317543187470e-01
1.381541262909193657e+00 -1.200842289620513217e-02 2.962675317543187470e-01
1.381489000201136630e+00 -1.201400900671452388e-02 2.965458532613469700e-01
1.381390018372017581e+00 -1.202504000065969178e-02 2.970953551074718701e-01
1.381390018372017581e+00 -1.202504000065969178e-02 2.970953551074718701e-01
1.381341383666393474e+00 -1.203070081016942294e-02 2.973772912174180716e-01
1.381249619291476050e+00 -1.204187636978133399e-02 2.979337841504705597e-01
1.381249619291476050e+00 -1.204187636978133399e-02 2.979337841504705597e-01
1.381204665075997484e+00 -1.204761622855269818e-02 2.982195498932426747e-01
1.381120223659200841e+00 -1.205894471853674252e-02 2.987834473269764257e-01
1.381120223659200841e+00 -1.205894471853674252e-02 2.987834473269764257e-01
1.381079011899780440e+00 -1.206476818127477126e-02 2.990732676841106330e-01
1.381002017453101693e+00 -1.207625835009310498e-02 2.996450017019167134e-01
1.381002017453101693e+00 -1.207625835009310498e-02 2.996450017019167134e-01
1.380964620057482994e+00 -1.208217019238309702e-02 2.999391124161721045e-01
1.380895215990662006e+00 -1.209383120252215289e-02 3.005191352619714928e-01
1.380895215990662006e+00 -1.209383120252215289e-02 3.005191352619714928e-01
1.380861715334584572e+00 -1.209983643864189114e-02 3.008177837142600453e-01
1.380800065462645332e+00 -1.211167789933494630e-02 3.014065694036019982e-01
1.380800065462645332e+00 -1.211167789933494630e-02 3.014065694036019982e-01
1.380770554984066312e+00 -1.211778180161522146e-02 3.017100155658143379e-01
1.380716844662858600e+00 -1.212981380432580879e-02 3.023080616322331160e-01
1.380716844662858600e+00 -1.212981380432580879e-02 3.023080616322331160e-01
1.380691429530872538e+00 -1.213602192421460099e-02 3.026165791035604902e-01
1.380645866932699972e+00 -1.214825508114216607e-02 3.032244084931254302e-01
1.380645866932699972e+00 -1.214825508114216607e-02 3.032244084931254302e-01
1.380624664798558499e+00 -1.215457327217085888e-02 3.035382856297242915e-01
1.380587482341358418e+00 -1.216701875812291334e-02 3.041564487607792411e-01
1.380587482341358418e+00 -1.216701875812291334e-02 3.041564487607792411e-01
1.380570624180146755e+00 -1.217345320098943938e-02 3.044759899093391065e-01
1.380542080125698678e+00 -1.218612279898674718e-02 3.051050669154625750e-01
1.380542080125698678e+00 -1.218612279898674718e-02 3.051050669154625750e-01
1.380529711178440033e+00 -1.219268002899732799e-02 3.054305937625751421e-01
1.380510091417229024e+00 -1.220558618002085156e-02 3.060711969389672271e-01
1.380510091417229024e+00 -1.220558618002085156e-02 3.060711969389672271e-01
1.380502372244575948e+00 -1.221227311717083298e-02 3.064030499901663207e-01
1.380491992287355529e+00 -1.222542897452849261e-02 3.070558264669978610e-01
1.380491992287355529e+00 -1.222542897452849261e-02 3.070558264669978610e-01
1.380489099947688647e+00 -1.223225295653190131e-02 3.073943666706476230e-01
1.380488307146672033e+00 -1.224567244536039524e-02 3.080600013388494207e-01
1.380488307146672033e+00 -1.224567244536039524e-02 3.080600013388494207e-01
1.380490436513273744e+00 -1.225264126398510622e-02 3.084056118726221651e-01
1.380499612539061616e+00 -1.226633914649035047e-02 3.090848305918583727e-01
1.380499612539061616e+00 -1.226633914649035047e-02 3.090848305918583727e-01
1.380506977773209965e+00 -1.227346108760086346e-02 3.094379188314593798e-01
1.380526541377297134e+00 -1.228745303469701462e-02 3.101314919528952996e-01
1.380526541377297134e+00 -1.228745303469701462e-02 3.101314919528952996e-01
1.380539377576661897e+00 -1.229473692248386416e-02 3.104924916467969864e-01
1.380569787673712190e+00 -1.230903959263179338e-02 3.112012378901996001e-01
1.380569787673712190e+00 -1.230903959263179338e-02 3.112012378901996001e-01
1.380588352718348677e+00 -1.231649483852761615e-02 3.115706115650018204e-01
1.380630111827275242e+00 -1.233112596458159523e-02 3.122954022901585081e-01
1.380630111827275242e+00 -1.233112596458159523e-02 3.122954022901585081e-01
1.380654688448990530e+00 -1.233876262150683696e-02 3.126736439183028238e-01
1.380708346537813602e+00 -1.235374110662811227e-02 3.134154078430042567e-01
1.380708346537813602e+00 -1.235374110662811227e-02 3.134154078430042567e-01
1.380739244642679386e+00 -1.236156992924500320e-02 3.138030458063841288e-01
1.380805403428704725e+00 -1.237691595297033161e-02 3.145627742249483827e-01
1.380805403428704725e+00 -1.237691595297033161e-02 3.145627742249483827e-01
1.380842962707213184e+00 -1.238494846475368845e-02 3.149603746143400107e-01
1.380922280471879260e+00 -1.240068360052132279e-02 3.157391271808104305e-01
1.380922280471879260e+00 -1.240068360052132279e-02 3.157391271808104305e-01
1.380966873336898493e+00 -1.240893216859451781e-02 3.161472974778914979e-01
1.381060070323930411e+00 -1.242507951423167147e-02 3.169462086285882996e-01
1.381060070323930411e+00 -1.242507951423167147e-02 3.169462086285882996e-01
1.381112105223157638e+00 -1.243355743303938520e-02 3.173656018236180598e-01
1.381219969699187144e+00 -1.245014175590069584e-02 3.181858879226480696e-01
1.381219969699187144e+00 -1.245014175590069584e-02 3.181858879226480696e-01
1.381279894856685786e+00 -1.245886334098223434e-02 3.186172071303113862e-01
1.381403289926160127e+00 -1.247591123971417658e-02 3.194601744358130935e-01
1.381403289926160127e+00 -1.247591123971417658e-02 3.194601744358130935e-01
1.381471597576951149e+00 -1.248489193305804719e-02 3.199041780822452496e-01
1.381611468858013447e+00 -1.250243201827329863e-02 3.207712316464603752e-01
1.381611468858013447e+00 -1.250243201827329863e-02 3.207712316464603752e-01
1.381688700050726970e+00 -1.251168850695600146e-02 3.212287393118841705e-01
1.381846084335922820e+00 -1.252975160341352270e-02 3.221213929440138179e-01
1.381846084335922820e+00 -1.252975160341352270e-02 3.221213929440138179e-01
1.381932834392238574e+00 -1.253930195357330635e-02 3.225932919625542628e-01
1.382108869439279131e+00 -1.255792132697620446e-02 3.235131794086418822e-01
1.382108869439279131e+00 -1.255792132697620446e-02 3.235131794086418822e-01
1.382205794174655722e+00 -1.256778513548465447e-02 3.240004323419883314e-01
1.382401729796207013e+00 -1.258699674739453822e-02 3.249493198555983287e-01
1.382401729796207013e+00 -1.258699674739453822e-02 3.249493198555983287e-01
1.382509552626256299e+00 -1.259719531405687279e-02 3.254529729811928562e-01
1.382726763277730253e+00 -1.261703810910699830e-02 3.264327734927050528e-01
1.382726763277730253e+00 -1.261703810910699830e-02 3.264327734927050528e-01
1.382846283357981987e+00 -1.262759463272737290e-02 3.269539664713932425e-01
1.383086282456572613e+00 -1.264811086294731490e-02 3.279667555951316094e-01
1.383086282456572613e+00 -1.264811086294731490e-02 3.279667555951316094e-01
1.383218384032651294e+00 -1.265905066526496620e-02 3.285067325171616148e-01
1.383482840283500659e+00 -1.268028625724142676e-02 3.295547666813202770e-01
1.383482840283500659e+00 -1.268028625724142676e-02 3.295547666813202770e-01
1.383628503463532722e+00 -1.269163703948181753e-02 3.301148887258573139e-01
1.383919259517994993e+00 -1.271364201098235461e-02 3.312006257550900168e-01
1.383919259517994993e+00 -1.271364201098235461e-02 3.312006257550900168e-01
1.384079572723095009e+00 -1.272543414877339366e-02 3.317823857488095829e-01
1.384398666555597845e+00 -1.274826308274503231e-02 3.329085082940538842e-01
1.384398666555597845e+00 -1.274826308274503231e-02 3.329085082940538842e-01
1.384574840957333519e+00 -1.276052996628595192e-02 3.335135475106291714e-01
1.384924530418953026e+00 -1.278424255148453981e-02 3.346829897874134541e-01
1.384924530418953026e+00 -1.278424255148453981e-02 3.346829897874134541e-01
1.385117916739942778e+00 -1.279702097936761401e-02 3.353131174051541818e-01
1.385500707836123002e+00 -1.282168262866164275e-02 3.365290957924079729e-01
1.385500707836123002e+00 -1.282168262866164275e-02 3.365290957924079729e-01
1.385712815972083956e+00 -1.283501326548906751e-02 3.371863115147432088e-01
1.386131495516800038e+00 -1.286069582482641388e-02 3.384523596633764453e-01
1.386131495516800038e+00 -1.286069582482641388e-02 3.384523596633764453e-01
1.386364017543552540e+00 -1.287462373513749425e-02 3.391388801240443618e-01
1.386821690973647714e+00 -1.290140629877907161e-02 3.404588893558970208e-01
1.386821690973647714e+00 -1.290140629877907161e-02 3.404588893558970208e-01
1.387076528232745076e+00 -1.291598157256430672e-02 3.411771790696435103e-01
1.387576663521181475e+00 -1.294395142299782468e-02 3.425554449901637710e-01
1.387576663521181475e+00 -1.294395142299782468e-02 3.425554449901637710e-01
1.387855958645180632e+00 -1.295922991176858170e-02 3.433082527934203654e-01
1.388402437444880677e+00 -1.298848360642037604e-02 3.447495292275256640e-01
1.388402437444880677e+00 -1.298848360642037604e-02 3.447495292275256640e-01
1.388708612394808917e+00 -1.300452779335575619e-02 3.455399313810642026e-01
1.389305789775728384e+00 -1.303517242439415635e-02 3.470494929541631524e-01
1.389305789775728384e+00 -1.303517242439415635e-02 3.470494929541631524e-01
1.389641591236426388e+00 -1.305205245800397304e-02 3.478809443763055120e-01
1.390294365662141596e+00 -1.308420711671535140e-02 3.494646593262913381e-01
1.390294365662141596e+00 -1.308420711671535140e-02 3.494646593262913381e-01
1.390662919491872040e+00 -1.310200204500170870e-02 3.503410548018044968e-01
1.391376815021603264e+00 -1.313579952821509328e-02 3.520054699120143127e-01
1.391376815021603264e+00 -1.313579952821509328e-02 3.520054699120143127e-01
1.391781691910360275e+00 -1.315459878017709479e-02 3.529312176163001968e-01
1.392562955025097748e+00 -1.319018758337272244e-02 3.546836575285590154e-01
1.392562955025097748e+00 -1.319018758337272244e-02 3.546836575285590154e-01
1.393008250114229796e+00 -1.321009275751276919e-02 3.556637678489418253e-01
1.393863964055665594e+00 -1.324763940748675470e-02 3.575124514381990970e-01
1.393863964055665594e+00 -1.324763940748675470e-02 3.575124514381990970e-01
1.394354394059926561e+00 -1.326876644381417072e-02 3.585526449191632770e-01
1.395292614146395271e+00 -1.330845823295051696e-02 3.605068218898133114e-01
1.395292614146395271e+00 -1.330845823295051696e-02 3.605068218898133114e-01
1.395833636566212288e+00 -1.333094006730057603e-02 3.616136612488060620e-01
1.396863550608857363e+00 -1.337298826139176819e-02 3.636837726314472441e-01
1.396863550608857363e+00 -1.337298826139176819e-02 3.636837726314472441e-01
1.397461511021483194e+00 -1.339697809062873578e-02 3.648648252885009491e-01
1.398593629688051454e+00 -1.344162169182422199e-02 3.670626920374544522e-01
1.398593629688051454e+00 -1.344162169182422199e-02 3.670626920374544522e-01
1.399255944991733669e+00 -1.346729701841492717e-02 3.683267316102714628e-01
1.400502327693551541e+00 -1.351480717236890929e-02 3.706657759290544196e-01
1.400502327693551541e+00 -1.351480717236890929e-02 3.706657759290544196e-01
1.401237715738167688e+00 -1.354237485086420313e-02 3.720230338664766156e-01
1.402612238223588825e+00 -1.359305998887386235e-02 3.745185380523459728e-01
1.402612238223588825e+00 -1.359305998887386235e-02 3.745185380523459728e-01
1.403431007762143246e+00 -1.362276257048416692e-02 3.759810202958716596e-01
1.404949677829474997e+00 -1.367697436655566402e-02 3.786504274664648784e-01
1.404949677829474997e+00 -1.367697436655566402e-02 3.786504274664648784e-01
1.405864097537633528e+00 -1.370909813890684899e-02 3.802323161236232929e-01
1.407545424608529272e+00 -1.376723832510550610e-02 3.830955755191862155e-01
1.407545424608529272e+00 -1.376723832510550610e-02 3.830955755191862155e-01
1.408570196594574053e+00 -1.380212358384168281e-02 3.848137425912283582e-01
1.410435618363039101e+00 -1.386465158205062685e-02 3.878936981219068270e-01
1.410435618363039101e+00 -1.386465158205062685e-02 3.878936981219068270e-01
1.411588490870256507e+00 -1.390270586403635940e-02 3.897683681116813070e-01
1.413662853992241564e+00 -1.397014701433298492e-02 3.930911802582791048e-01
1.413662853992241564e+00 -1.397014701433298492e-02 3.930911802582791048e-01
1.414965420969497512e+00 -1.401186229145416108e-02 3.951467921456726096e-01
1.417277499379047123e+00 -1.408481610915117595e-02 3.987423663905320104e-01
1.417277499379047123e+00 -1.408481610915117595e-02 3.987423663905320104e-01
1.418756252721377287e+00 -1.413079131627838908e-02 4.010087045112966653e-01
1.421339260206596844e+00 -1.420993854635871530e-02 4.049110669712312482e-01
1.421339260206596844e+00 -1.420993854635871530e-02 4.049110669712312482e-01
1.423026985697923630e+00 -1.426090933628336443e-02 4.074247568080434090e-01
1.425918986874027405e+00 -1.434701533164993957e-02 4.116722565034843240e-01
1.425918986874027405e+00 -1.434701533164993957e-02 4.116722565034843240e-01
1.427856629598195815e+00 -1.440389366200661540e-02 4.144787578084825896e-01
1.431100653098499320e+00 -1.449780330682711761e-02 4.191138608151468992e-01
1.431100653098499320e+00 -1.449780330682711761e-02 4.191138608151468992e-01
1.433339824747705160e+00 -1.456173041670386949e-02 4.222701393815544435e-01
1.436983292962764391e+00 -1.466434556113415007e-02 4.273383684413517014e-01
1.442054560889029835e+00 -1.480457448570367956e-02 4.342680839114639313e-01
1.447916628451912047e+00 -1.496336966655099215e-02 4.421206644077788073e-01
1.453968544624413273e+00 -1.512409575724350808e-02 4.500747315857075992e-01
1.460088188243596319e+00 -1.528374987573823639e-02 4.579818760707442538e-01
1.466265880870544880e+00 -1.544236656642125269e-02 4.658437934764532717e-01
1.472495376786593368e+00 -1.560003308797474827e-02 4.736647617235583141e-01
1.478771292103930657e+00 -1.575682700595139665e-02 4.814485594404638302e-01
1.485088957257406861e+00 -1.591281750013488067e-02 4.891985350700657764e-01
1.491444299942657814e+00 -1.606806648636210227e-02 4.969176658667556201e-01
1.497833750769362426e+00 -1.622262956375388962e-02 5.046086075403559690e-01
1.504254166588182118e+00 -1.637655681732904170e-02 5.122737361880255191e-01
1.510702767697385207e+00 -1.652989350060931131e-02 5.199151838511457679e-01
1.517177086044938061e+00 -1.668268061834894331e-02 5.275348687857736030e-01
1.523674922212504335e+00 -1.683495542592060995e-02 5.351345213338688511e-01
1.530194309467256764e+00 -1.698675185887390734e-02 5.427157061198831789e-01
1.536733483542909839e+00 -1.713810090381166079e-02 5.502798411661704581e-01
1.543290857096333957e+00 -1.728903091976519146e-02 5.578282144148193344e-01
1.549864998004162109e+00 -1.743956791765311279e-02 5.653619980579590587e-01
1.556454610832018748e+00 -1.758973580409834217e-02 5.728822610092757506e-01
1.563058520939795137e+00 -1.773955659485658073e-02 5.803899797931326709e-01
1.569675660788824922e+00 -1.788905060223437357e-02 5.878860480817523770e-01
1.576305058097612344e+00 -1.803823660016833433e-02 5.953712850733109407e-01
1.582945825556868913e+00 -1.818713197005209642e-02 6.028464428729376490e-01
1.589597151865821179e+00 -1.833575282990871844e-02 6.103122130131809486e-01
1.596258293892898861e+00 -1.848411414913059617e-02 6.177692322294615623e-01
1.602928569797152036e+00 -1.863222985065022749e-02 6.252180875885693379e-01
1.609607352973759564e+00 -1.878011290216211743e-02 6.326593210537048151e-01
1.616294066709016208e+00 -1.892777539776292761e-02 6.400934335574235412e-01
1.622988179448286994e+00 -1.907522863116334691e-02 6.475208886436267797e-01
1.629689200595318743e+00 -1.922248316150650116e-02 6.549421157311635655e-01
1.636396676773643311e+00 -1.936954887265667641e-02 6.623575130443607462e-01
1.643110188491066825e+00 -1.951643502672195316e-02 6.697674502496571147e-01
1.649829347156793746e+00 -1.966315031247049816e-02 6.771722708323143491e-01
1.656553792407923442e+00 -1.980970288919689168e-02 6.845722942427246993e-01
1.663283189708093746e+00 -1.995610042654214628e-02 6.919678178380400668e-01
1.670017228186139180e+00 -2.010235014071231480e-02 6.993591186415949457e-01
1.676755618686946114e+00 -2.024845882747615053e-02 7.067464549398035922e-01
1.683498092010356162e+00 -2.039443289227381439e-02 7.141300677338051628e-01
1.690244397317101077e+00 -2.054027837772469389e-02 7.215101820610456684e-01
1.696994300683428714e+00 -2.068600098881419672e-02 7.288870082001840389e-01
1.703747583788365771e+00 -2.083160611598469311e-02 7.362607427711529429e-01
1.710504042719533269e+00 -2.097709885631933793e-02 7.436315697408515391e-01
1.717263486885143742e+00 -2.112248403302487143e-02 7.509996613437488477e-01
1.724025738021281340e+00 -2.126776621336370909e-02 7.583651789256425912e-01
1.730790629284821414e+00 -2.141294972517545497e-02 7.657282737179280652e-01
1.737558004423470637e+00 -2.155803867212661984e-02 7.730890875489230263e-01
1.744327717015378365e+00 -2.170303694780027423e-02 7.804477534980930331e-01
1.751099629771599719e+00 -2.184794824872547322e-02 7.878043964984149383e-01
1.757873613895432952e+00 -2.199277608644193902e-02 7.951591338915707796e-01
1.764649548493300912e+00 -2.213752379868618933e-02 8.025120759401831450e-01
1.771427320032417319e+00 -2.228219455976931940e-02 8.098633263008756522e-01
1.778206821840978114e+00 -2.242679139022157528e-02 8.172129824615648186e-01
1.784987953647051429e+00 -2.257131716575904931e-02 8.245611361460624122e-01
1.791770621152740439e+00 -2.271577462562506325e-02 8.319078736887585146e-01
1.798554735640533364e+00 -2.286016638036492479e-02 8.392532763818946195e-01
1.805340213609061495e+00 -2.300449491907722785e-02 8.465974207976999510e-01
1.812126976435760817e+00 -2.314876261617776140e-02 8.539403790874469102e-01
1.818914950064171032e+00 -2.329297173771789631e-02 8.612822192592970438e-01
1.831815161880774534e+00 -2.356681621707456056e-02 8.752288868634179320e-01
1.855173506590870991e+00 -2.406200507724795198e-02 9.004640719317283937e-01
1.893877622145877071e+00 -2.488092426900035195e-02 9.422372279007255047e-01
1.949274047065668425e+00 -2.605029120905581405e-02 1.001963237812846241e+00
2.014965586493493443e+00 -2.743388739278240784e-02 1.072728769397324422e+00
2.082931388944434747e+00 -2.886287993489193918e-02 1.145906915977482621e+00
2.150985806566957592e+00 -3.029195012759846803e-02 1.219163493762247752e+00
2.219042602337593539e+00 -3.171980681406647018e-02 1.292418075696769364e+00
2.287098163481945612e+00 -3.314673058784364107e-02 1.365673822794145398e+00
2.355150574915377160e+00 -3.457292818988238342e-02 1.438932510003374743e+00
2.423198879065489475e+00 -3.599855321085488474e-02 1.512195023517886705e+00
2.491242687501622921e+00 -3.742372135185138143e-02 1.585461721406033586e+00
2.559281945127263480e+00 -3.884852088776082762e-02 1.658732652603150948e+00
2.627316786279022320e+00 -4.027301996463720363e-02 1.732007690529691946e+00
2.695347446867335073e+00 -4.169727176725745305e-02 1.805286614642166221e+00
2.763374211001783376e+00 -4.312131822940422354e-02 1.878569159948117795e+00
2.831397378967281941e+00 -4.454519273175604199e-02 1.951855046691780782e+00
2.899417248460444352e+00 -4.596892208664010021e-02 2.025143997729613510e+00
2.967434104057971922e+00 -4.739252801404938292e-02 2.098435748267679646e+00
3.035448211771340166e+00 -4.881602825047665767e-02 2.171730050882772378e+00
3.103459816710983699e+00 -5.023943738984518875e-02 2.245026677662621317e+00
3.171469142615249037e+00 -5.166276752698254621e-02 2.318325420620257926e+00
3.239476392460967524e+00 -5.308602875417450795e-02 2.391626091108841834e+00
3.307481749665065252e+00 -5.450922954741515419e-02 2.464928518691609227e+00
3.375485379572702893e+00 -5.593237706915221014e-02 2.538232549748914213e+00
3.443487431045902714e+00 -5.735547740730071592e-02 2.611538045994456159e+00
3.511488038042023696e+00 -5.877853576524175172e-02 2.684844883002889926e+00
3.579487321119208421e+00 -6.020155661385960533e-02 2.758152948806771310e+00
3.647485388835951081e+00 -6.162454381396623160e-02 2.831462142593001108e+00
3.715482339030576231e+00 -6.304750071548426149e-02 2.904772373511693928e+00
3.783478259977714142e+00 -6.447043023826071195e-02 2.978083559599971064e+00
3.851473231425473820e+00 -6.589333493827838339e-02 3.051395626817081652e+00
3.919467325520654022e+00 -6.731621706219553802e-02 3.124708508183908329e+00
3.987460607631095222e+00 -6.873907859250065477e-02 3.198022143018308228e+00
4.055453137074886527e+00 -7.016192128508182135e-02 3.271336476257199255e+00
4.123444967766055846e+00 -7.158474670063161294e-02 3.344651457856388177e+00
4.191436148785905758e+00 -7.300755623101994052e-02 3.417967042259594912e+00
4.259426724888458082e+00 -7.443035112153754962e-02 3.491283187928772680e+00
4.327416736947717446e+00 -7.585313248973500622e-02 3.564599856928544419e+00
4.395406222353663850e+00 -7.727590134144469991e-02 3.637917014558315287e+00
4.463395215363135549e+00 -7.869865858445868056e-02 3.711234629026326726e+00
4.531383747411047658e+00 -8.012140504025089260e-02 3.784552671160578807e+00
4.599371847386741763e+00 -8.154414145405869396e-02 3.857871114152164882e+00
4.667359541879682716e+00 -8.296686850358384047e-02 3.931189933327090102e+00
4.735346855398191224e+00 -8.438958680652787481e-02 4.004509105943146352e+00
4.803333810564447859e+00 -8.581229692713839008e-02 4.077828611008837534e+00
4.871320428288588467e+00 -8.723499938191459080e-02 4.151148429121725769e+00
4.939306727924362761e+00 -8.865769464459481719e-02 4.224468542323903009e+00
5.007292727408517941e+00 -9.008038315052908918e-02 4.297788933972584324e+00
5.075278443385797367e+00 -9.150306530052304543e-02 4.371109588624062958e+00
5.143263891321203651e+00 -9.292574146422645509e-02 4.444430491929490579e+00
5.211249085600974773e+00 -9.434841198312854393e-02 4.517751630541137153e+00
5.279234039623547758e+00 -9.577107717321224623e-02 4.591072992027952715e+00
5.347218765881621039e+00 -9.719373732731131921e-02 4.664394564799395404e+00
5.415203276036293367e+00 -9.861639271720873401e-02 4.737716338036615404e+00
5.483187580984140830e+00 -1.000390435955096496e-01 4.811038301630193637e+00
5.551171690917994894e+00 -1.014616901973165591e-01 4.884360446123731769e+00
5.619155615382082303e+00 -1.028843327417297976e-01 4.957682762662674492e+00
5.687139363322124552e+00 -1.043069714331952558e-01 5.031005242947812484e+00
5.755122943130919211e+00 -1.057296064627179094e-01 5.104327879192982031e+00
5.823106362689858706e+00 -1.071522380089547366e-01 5.177650664086529630e+00
5.891089629406804917e+00 -1.085748662392020253e-01 5.250973590756164988e+00
5.959072750250676620e+00 -1.099974913102890889e-01 5.324296652736862256e+00
6.027055731783083736e+00 -1.114201133693882573e-01 5.397619843941505735e+00
6.095038580187282840e+00 -1.128427325547498306e-01 5.470943158634018033e+00
6.163021301294723919e+00 -1.142653489963702529e-01 5.544266591404727329e+00
6.231003900609407786e+00 -1.156879628166013613e-01 5.617590137147762341e+00
6.298986383330268168e+00 -1.171105741307057052e-01 5.690913791040286718e+00
6.366968754371756134e+00 -1.185331830473636688e-01 5.764237548523397869e+00
6.434951018382792043e+00 -1.199557896691375164e-01 5.837561405284539262e+00
6.502933179764236016e+00 -1.213783940928965660e-01 5.910885357241291160e+00
6.570915242685006596e+00 -1.228009964102071139e-01 5.984209400526415479e+00
6.638897211096968398e+00 -1.242235967076903980e-01 6.057533531474041055e+00
6.706879088748696205e+00 -1.256461950673520012e-01 6.130857746606893421e+00
6.774860879198213226e+00 -1.270687915668849144e-01 6.204182042624475812e+00
6.842842585824788770e+00 -1.284913862799490214e-01 6.277506416392121480e+00
6.910824211839877940e+00 -1.299139792764290868e-01 6.350830864930845365e+00
6.978805760297275285e+00 -1.313365706226729546e-01 6.424155385407923191e+00
7.046787234102542818e+00 -1.327591603817120103e-01 6.497479975128143792e+00
7.114768636021773673e+00 -1.341817486134651294e-01 6.570804631525678730e+00
7.182749968689749132e+00 -1.356043353749278868e-01 6.644129352156513235e+00
7.250731234617533438e+00 -1.370269207203479167e-01 6.717454134691402068e+00
7.318712436199549032e+00 -1.384495047013877822e-01 6.790778976909304987e+00
7.386693575720176597e+00 -1.398720873672765208e-01 6.864103876691260986e+00
nan nan nan
nan nan nan
nan nan nan
nan nan nan
nan nan nan
nan nan nan
nan nan nan
nan nan nan
nan nan nan
nan nan nan
nan nan nan
nan nan nan
nan nan nan
nan nan nan
nan nan nan
nan nan nan
nan nan nan
nan nan nan
nan nan nan
nan nan nan
nan nan nan
nan nan nan
nan nan nan
nan nan nan
nan nan nan
nan nan nan
nan nan nan
nan nan nan
nan nan nan
nan nan nan
nan nan nan
nan nan nan
nan nan nan
nan nan nan
nan nan nan
nan nan nan
nan nan nan
nan nan nan
nan nan nan
nan nan nan
nan nan nan
nan nan nan
nan nan nan
nan nan nan
nan nan nan
nan nan nan
nan nan nan
nan nan nan
nan nan nan
nan nan nan
nan nan nan
nan nan nan
nan nan nan
nan nan nan
nan nan nan
nan nan nan
nan nan nan
nan nan nan
nan nan nan
nan nan nan
nan nan nan
nan nan nan
nan nan nan
nan nan nan
nan nan nan
nan nan nan
nan nan nan
nan nan nan
nan nan nan
nan nan nan
nan nan nan
nan nan nan
nan nan nan
nan nan nan
nan nan nan
nan nan nan
nan nan nan
nan nan nan
nan nan nan
nan nan nan
nan nan nan
nan nan nan
nan nan nan
nan nan nan
nan nan nan
nan nan nan
nan nan nan
nan nan nan
nan nan nan
nan nan nan
nan nan nan
nan nan nan
nan nan nan
nan nan nan
nan nan nan
nan nan nan
nan nan nan
nan nan nan
nan nan nan
nan nan nan
nan nan nan
nan nan nan
nan nan nan
nan nan nan
nan nan nan
nan nan nan
nan nan nan
nan nan nan
nan nan nan
nan nan nan
nan nan nan
nan nan nan
nan nan nan
nan nan nan
nan nan nan
nan nan nan
nan nan nan
nan nan nan
nan nan nan
nan nan nan
nan nan nan
nan nan nan
nan nan nan
nan nan nan
nan nan nan
nan nan nan
nan nan nan
nan nan nan
nan nan nan
nan nan nan
nan nan nan
nan nan nan
nan nan nan
nan nan nan
nan nan nan
nan nan nan
nan nan nan
nan nan nan
nan nan nan
nan nan nan
nan nan nan
nan nan nan
nan nan nan
nan nan nan
nan nan nan
nan nan nan
nan nan nan
nan nan nan
nan nan nan
nan nan nan
nan nan nan
nan nan nan
nan nan nan
nan nan nan
nan nan nan
nan nan nan
nan nan nan
nan nan nan
nan nan nan
nan nan nan
nan nan nan
nan nan nan
nan nan nan
nan nan nan
nan nan nan
nan nan nan
nan nan nan
nan nan nan
nan nan nan
nan nan nan
nan nan nan
nan nan nan
nan nan nan
nan nan nan
nan nan nan
nan nan nan
nan nan nan
nan nan nan
nan nan nan
nan nan nan
nan nan nan
nan nan nan
nan nan nan
nan nan nan
nan nan nan
nan nan nan
nan nan nan
nan nan nan
nan nan nan
nan nan nan
nan nan nan
nan nan nan
nan nan nan
nan nan nan
nan nan nan
nan nan nan
nan nan nan
nan nan nan
nan nan nan
nan nan nan
nan nan nan
nan nan nan
nan nan nan
nan nan nan
nan nan nan
nan nan nan
nan nan nan
nan nan nan
nan nan nan
nan nan nan
nan nan nan
nan nan nan
nan nan nan
nan nan nan
nan nan nan
nan nan nan
nan nan nan
nan nan nan
nan nan nan
nan nan nan
nan nan nan
nan nan nan
nan nan nan
nan nan nan
nan nan nan
nan nan nan
nan nan nan
nan nan nan
nan nan nan
nan nan nan
nan nan nan
nan nan nan
nan nan nan
nan nan nan
nan nan nan
nan nan nan
nan nan nan
nan nan nan
nan nan nan
nan nan nan
nan nan nan
nan nan nan
nan nan nan
nan nan nan
nan nan nan
nan nan nan
nan nan nan
nan nan nan
nan nan nan
nan nan nan
nan nan nan
nan nan nan
nan nan nan
nan nan nan
nan nan nan
nan nan nan
nan nan nan
nan nan nan
nan nan nan
nan nan nan
nan nan nan
nan nan nan
nan nan nan
nan nan nan
nan nan nan
nan nan nan
nan nan nan
nan nan nan
nan nan nan
nan nan nan
nan nan nan
nan nan nan
nan nan nan
nan nan nan
nan nan nan
nan nan nan
nan nan nan
nan nan nan
nan nan nan
nan nan nan
nan nan nan
nan nan nan
nan nan nan
nan nan nan
nan nan nan
nan nan nan
nan nan nan
nan nan nan
nan nan nan
nan nan nan
nan nan nan
nan nan nan
nan nan nan
nan nan nan
nan nan nan
nan nan nan
nan nan nan
nan nan nan
nan nan nan
nan nan nan
nan nan nan
nan nan nan
nan nan nan
nan nan nan
nan nan nan
nan nan nan
nan nan nan
nan nan nan
nan nan nan
nan nan nan
nan nan nan
nan nan nan
nan nan nan
nan nan nan
nan nan nan
nan nan nan
nan nan nan
nan nan nan
nan nan nan
nan nan nan
nan nan nan
