# X Y Z
9.898681674412518561e+00 -9.539596210338148821e-03 1.621731515962200054e-01
9.798681705819591414e+00 -9.544247399547071270e-03 1.622522703663460131e-01
9.698681737253469493e+00 -9.548898608381697559e-03 1.623314230080906695e-01
9.598681768715007223e+00 -9.553549837792000426e-03 1.624106105846980785e-01
9.498681800205094561e+00 -9.558201088785991256e-03 1.624898342048755329e-01
9.398681831724660540e+00 -9.562852362434067291e-03 1.625690950252765554e-01
9.298681863274676829e+00 -9.567503659873745694e-03 1.626483942531506410e-01
9.198681894856159502e+00 -9.572154982314787924e-03 1.627277331491730761e-01
9.098681926470169046e+00 -9.576806331044828910e-03 1.628071130304695469e-01
8.998681958117815682e+00 -9.581457707435550933e-03 1.628865352738515793e-01
8.898681989800262926e+00 -9.586109112949405681e-03 1.629660013192803514e-01
8.798682021518727581e+00 -9.590760549146986821e-03 1.630455126735783911e-01
8.698682053274485071e+00 -9.595412017695112081e-03 1.631250709144105304e-01
8.598682085068872993e+00 -9.600063520375711965e-03 1.632046776945574595e-01
8.498682116903294670e+00 -9.604715059095653498e-03 1.632843347465077755e-01
8.398682148779224477e+00 -9.609366635897511125e-03 1.633640438873973644e-01
8.298682180698211397e+00 -9.614018252971428743e-03 1.634438070243275087e-01
8.198682212661882573e+00 -9.618669912668324426e-03 1.635236261600968855e-01
8.098682244671950414e+00 -9.623321617514443010e-03 1.636035033993865073e-01
7.998682276730218810e+00 -9.627973370227515051e-03 1.636834409554407954e-01
7.898682308838586685e+00 -9.632625173734690391e-03 1.637634411572929660e-01
7.798682340999057772e+00 -9.637277031192490948e-03 1.638435064575883560e-01
7.698682373213745933e+00 -9.641928946009124465e-03 1.639236394410659714e-01
7.598682405484883162e+00 -9.646580921869301467e-03 1.640038428337653453e-01
7.498682437814829349e+00 -9.651232962762035933e-03 1.640841195130340879e-01
7.398682470206080275e+00 -9.655885073011840833e-03 1.641644725184209508e-01
7.298682502661279159e+00 -9.660537257313767806e-03 1.642449050635498009e-01
7.198682535183228204e+00 -9.665189520772846099e-03 1.643254205490823627e-01
7.098682567774899255e+00 -9.669841868948541794e-03 1.644060225768914640e-01
6.998682600439448898e+00 -9.674494307905127238e-03 1.644867149655830918e-01
6.898682633180233559e+00 -9.679146844268727429e-03 1.645675017675243268e-01
6.798682666000823716e+00 -9.683799485292046011e-03 1.646483872875560139e-01
6.698682698905025212e+00 -9.688452238928222868e-03 1.647293761035949766e-01
6.598682731896897913e+00 -9.693105113915067086e-03 1.648104730893598657e-01
6.498682764980777016e+00 -9.697758119871552687e-03 1.648916834394896780e-01
6.398682798161300589e+00 -9.702411267408644902e-03 1.649730126973651956e-01
6.298682831443435326e+00 -9.707064568256726020e-03 1.650544667859917269e-01
6.198682864832507633e+00 -9.711718035412856068e-03 1.651360520423585110e-01
6.098682898334238267e+00 -9.716371683311299592e-03 1.652177752557580093e-01
5.998682931954782305e+00 -9.721025528021641493e-03 1.652996437106291905e-01
5.898682965700772662e+00 -9.725679587479687388e-03 1.653816652345853067e-01
5.798682999579367170e+00 -9.730333881757454242e-03 1.654638482524028731e-01
5.698683033598308079e+00 -9.734988433380090470e-03 1.655462018468882579e-01
5.598683067765984234e+00 -9.739643267699023624e-03 1.656287358277077071e-01
5.498683102091503017e+00 -9.744298413332902822e-03 1.657114608094729380e-01
5.398683136584774722e+00 -9.748953902691084514e-03 1.657943883006258445e-01
5.298683171256607594e+00 -9.753609772597085156e-03 1.658775308049750818e-01
5.198683206118817957e+00 -9.758266065034207001e-03 1.659609019381191597e-01
5.098683241184356341e+00 -9.762922828041427359e-03 1.660445165614631846e-01
4.998683276467458469e+00 -9.767580116794304795e-03 1.661283909371256695e-01
4.898683311983817568e+00 -9.772237994914962506e-03 1.662125429077719874e-01
4.798683347750787753e+00 -9.776896536067374716e-03 1.662969921063413847e-01
4.698683383787625623e+00 -9.781555825909631421e-03 1.663817602018161090e-01
4.598683420115775355e+00 -9.786215964495222422e-03 1.664668711886878316e-01
4.498683456759210664e+00 -9.790877069241858688e-03 1.665523517297094469e-01
4.398683493744844242e+00 -9.795539278622750548e-03 1.666382315640192735e-01
4.298683531103024258e+00 -9.800202756781891539e-03 1.667245439959738063e-01
4.198683568868140981e+00 -9.804867699338951428e-03 1.668113264842798205e-01
4.098683607079367519e+00 -9.809534340735216046e-03 1.668986213566323595e-01
3.998683645781575979e+00 -9.814202963589249359e-03 1.669864766825301106e-01
3.898683685026484103e+00 -9.818873910693188059e-03 1.670749473469379243e-01
3.798683724874094114e+00 -9.823547600500925209e-03 1.671640963809771785e-01
3.698683765394521039e+00 -9.828224547271816394e-03 1.672539966242322373e-01
3.598683806670337493e+00 -9.832905387469339023e-03 1.673447328185619920e-01
3.498683848799613472e+00 -9.837590914633249570e-03 1.674364042684154674e-01
3.398683891899902942e+00 -9.842282125833488535e-03 1.675291282518475144e-01
3.298683936113535164e+00 -9.846980284098772254e-03 1.676230444360742311e-01
3.198683981614732108e+00 -9.851687003093589218e-03 1.677183206510736713e-01
3.098684028619319797e+00 -9.856404363099702248e-03 1.678151605189982243e-01
2.998684077398187764e+00 -9.861135071525051546e-03 1.679138136484930321e-01
2.898684128296256990e+00 -9.865882687481434057e-03 1.680145894165845921e-01
2.798684181759715006e+00 -9.870651939675513867e-03 1.681178758324200218e-01
2.698684238375923083e+00 -9.875449182005030524e-03 1.682241656968325727e-01
2.598684298933218617e+00 -9.880283055238602008e-03 1.683340933872144729e-01
2.498684364512797629e+00 -9.885165461815975663e-03 1.684484873555223972e-01
2.398684436633847561e+00 -9.890113024287777374e-03 1.685684462501627900e-01
2.298684517489989698e+00 -9.895149304378979271e-03 1.686954511969454285e-01
2.198684610348015767e+00 -9.900308242447138779e-03 1.688315345224624120e-01
2.098684720246805746e+00 -9.905639599763902542e-03 1.689795385215699386e-01
1.998684855276614325e+00 -9.911217774336129882e-03 1.691435214553183297e-01
1.898685029037371574e+00 -9.917156477553193059e-03 1.693294112478445634e-01
1.888685049087115653e+00 -9.917774507739620174e-03 1.693494259641523114e-01
1.878685069768778471e+00 -9.918398019628994755e-03 1.693697537450708501e-01
1.868685091115548813e+00 -9.919027245579595253e-03 1.693904059063170708e-01
1.858685113162772851e+00 -9.919662429379505139e-03 1.694113942660915306e-01
1.848685135948119118e+00 -9.920303826894467936e-03 1.694327311712883477e-01
1.838685159511756373e+00 -9.920951706758034810e-03 1.694544295252909116e-01
1.828685183896548327e+00 -9.921606351107569582e-03 1.694765028174649857e-01
1.818685209148265480e+00 -9.922268056369124359e-03 1.694989651544692999e-01
1.808685235315814488e+00 -9.922937134095286688e-03 1.695218312935145022e-01
1.798685262451489963e+00 -9.923613911860591774e-03 1.695451166777117713e-01
1.788685290611248258e+00 -9.924298734218238091e-03 1.695688374736645798e-01
1.778685319855006330e+00 -9.924991963723697394e-03 1.695930106114701685e-01
1.768685350246969268e+00 -9.925693982030626278e-03 1.696176538273123924e-01
1.758685381855987107e+00 -9.926405191064835085e-03 1.696427857088430025e-01
1.748685414755946521e+00 -9.927126014282911318e-03 1.696684257435665533e-01
1.738685449026200036e+00 -9.927856898023036669e-03 1.696945943704637749e-01
1.728685484752036317e+00 -9.928598312956010349e-03 1.697213130351096222e-01
1.718685522025196866e+00 -9.929350755644782839e-03 1.697486042485670810e-01
1.708685560944443127e+00 -9.930114750222457376e-03 1.697764916503635979e-01
1.698685601616181096e+00 -9.930890850199681000e-03 1.698050000758871692e-01
1.688685644155149213e+00 -9.931679640413200449e-03 1.698341556285729304e-01
1.678685688685175759e+00 -9.932481739128192627e-03 1.698639857572868672e-01
1.668685735340015297e+00 -9.933297800309633455e-03 1.698945193393551212e-01
1.658685784264273044e+00 -9.934128516078978566e-03 1.699257867697349100e-01
1.648685835614426276e+00 -9.934974619373945423e-03 1.699578200568728492e-01
1.638685889559956088e+00 -9.935836886831753839e-03 1.699906529258561061e-01
1.628685946284602171e+00 -9.936716141918131712e-03 1.700243209295273228e-01
1.618686005987755250e+00 -9.937613258327314056e-03 1.700588615683082394e-01
1.608686068886005405e+00 -9.938529163681682557e-03 1.700943144195603829e-01
1.598686135214864912e+00 -9.939464843562928129e-03 1.701307212774060273e-01
1.588686205230688708e+00 -9.940421345909954826e-03 1.701681263040390746e-01
1.578686279212817789e+00 -9.941399785824580823e-03 1.702065761936790989e-01
1.568686357465975512e+00 -9.942401350829415882e-03 1.702461203504595511e-01
1.558686440322949895e+00 -9.943427306630626614e-03 1.702868110816983527e-01
1.548686528147601438e+00 -9.944479003443723597e-03 1.703287038081817972e-01
1.538686621338242411e+00 -9.945557882947647990e-03 1.703718572932988451e-01
1.528686720331437376e+00 -9.946665485942862706e-03 1.704163338931004856e-01
1.518686825606287760e+00 -9.947803460800413305e-03 1.704621998296321495e-01
1.508686937689270646e+00 -9.948973572800482237e-03 1.705095254902039281e-01
1.498687057159712399e+00 -9.950177714469850623e-03 1.705583857556257910e-01
1.488687184655994145e+00 -9.951417917049544537e-03 1.706088603608564847e-01
1.478687320882601908e+00 -9.952696363239836239e-03 1.706610342920055479e-01
1.468687466618152637e+00 -9.954015401392523471e-03 1.707149982241967789e-01
1.458687622724553323e+00 -9.955377561349419702e-03 1.707708490054656580e-01
1.448687790157476840e+00 -9.956785572152652627e-03 1.708286901926394930e-01
1.438687969978372783e+00 -9.958242381889401140e-03 1.708886326460593574e-01
1.428688163368275310e+00 -9.959751179980077043e-03 1.709507951910739232e-01
1.418688371643718416e+00 -9.961315422264879413e-03 1.710153053554970271e-01
1.408688596275130989e+00 -9.962938859307084866e-03 1.710823001937077092e-01
1.398688838908161314e+00 -9.964625568400066122e-03 1.711519272098407374e-01
1.388689101388471903e+00 -9.966379989848834012e-03 1.712243453946208638e-01
1.378689385790661026e+00 -9.968206968202089971e-03 1.712997263928938974e-01
1.368689694452111860e+00 -9.970111799228241131e-03 1.713782558219062724e-01
1.358690030012744021e+00 -9.972100283575664054e-03 1.714601347639934659e-01
1.348690395461867420e+00 -9.974178788232907975e-03 1.715455814616712316e-01
1.338690794193618583e+00 -9.976354317116553280e-03 1.716348332483732808e-01
1.328691230072810425e+00 -9.978634592377348678e-03 1.717281487544583263e-01
1.318691707513478306e+00 -9.981028148324974994e-03 1.718258104358849347e-01
1.308692231572979425e+00 -9.983544440258973821e-03 1.719281274824772110e-01
1.298692808065241122e+00 -9.986193970973576695e-03 1.720354391744294831e-01
1.288693443697708219e+00 -9.988988438286964741e-03 1.721481187702023907e-01
1.278694146237785212e+00 -9.991940907683422718e-03 1.722665780269936053e-01
1.268694924716197603e+00 -9.995066015064359849e-03 1.723912724775285565e-01
1.258695789676848920e+00 -9.998380205757660330e-03 1.725227076152872352e-01
1.248696753485614375e+00 -1.000190201739753829e-02 1.726614461762295272e-01
1.238697830714345027e+00 -1.000565241613186884e-02 1.728081167509177285e-01
1.228699038621549056e+00 -1.000965519800081117e-02 1.729634240198205941e-01
1.218700397758297083e+00 -1.001393747042396594e-02 1.731281609808885957e-01
1.208701932737655360e+00 -1.001853023276202438e-02 1.733032236381738256e-01
1.198703673219536192e+00 -1.002346908022223697e-02 1.734896287517479485e-01
1.188705655181985232e+00 -1.002879506246828929e-02 1.736885354244034341e-01
1.178707922577189038e+00 -1.003455573780804612e-02 1.739012715367030393e-01
1.168710529509856322e+00 -1.004080647684057505e-02 1.741293663638752709e-01
1.158713543133291113e+00 -1.004761208738395861e-02 1.743745911528129244e-01
1.148717047544258740e+00 -1.005504885761904395e-02 1.746390100606851903e-01
1.138721149087549733e+00 -1.006320715018499228e-02 1.749250447438938372e-01
1.128725983681266865e+00 -1.007219473174107531e-02 1.752355571707459592e-01
1.118731727088851491e+00 -1.008214109890984145e-02 1.755739571270014121e-01
1.108738609571204403e+00 -1.009320317671051973e-02 1.759443437403042099e-01
1.098746937190738349e+00 -1.010557294326102848e-02 1.763516947562916992e-01
1.088757123465782239e+00 -1.011948781582313467e-02 1.768021242772870039e-01
1.087758259079947054e+00 -1.012097237994702414e-02 1.768497443350235121e-01
1.086759419304047958e+00 -1.012247559926711567e-02 1.768978772271898869e-01
1.085760604828298170e+00 -1.012399781616842367e-02 1.769465316870748317e-01
1.084761816366918596e+00 -1.012553938138051855e-02 1.769957166558925321e-01
1.083763054659144132e+00 -1.012710065423839435e-02 1.770454412892547014e-01
1.082764320470279262e+00 -1.012868200295370842e-02 1.770957149638952011e-01
1.081765614592806513e+00 -1.013028380489639120e-02 1.771465472846596445e-01
1.080766937847549958e+00 -1.013190644688770868e-02 1.771979480917725003e-01
1.079768291084898468e+00 -1.013355032550516607e-02 1.772499274683949078e-01
1.078769675186090904e+00 -1.013521584739931689e-02 1.773024957484874431e-01
1.077771091064566811e+00 -1.013690342962366049e-02 1.773556635249929070e-01
1.076772539667388173e+00 -1.013861349997812779e-02 1.774094416583546219e-01
1.075774021976734440e+00 -1.014034649736686097e-02 1.774638412853877245e-01
1.074775539011476821e+00 -1.014210287217085296e-02 1.775188738285204126e-01
1.073777091828835628e+00 -1.014388308663607095e-02 1.775745510054239085e-01
1.072778681526126432e+00 -1.014568761527827323e-02 1.776308848390520667e-01
1.071780309242600593e+00 -1.014751694530521657e-02 1.776878876681107777e-01
1.070781976161385707e+00 -1.014937157705706264e-02 1.777455721579794812e-01
1.069783683511532635e+00 -1.015125202446606756e-02 1.778039513121094928e-01
1.068785432570175553e+00 -1.015315881553629368e-02 1.778630384839239575e-01
1.067787224664812573e+00 -1.015509249284461679e-02 1.779228473892455475e-01
1.066789061175714926e+00 -1.015705361406456925e-02 1.779833921192819080e-01
1.065790943538472924e+00 -1.015904275251377532e-02 1.780446871541981890e-01
1.064792873246687144e+00 -1.016106049772616711e-02 1.781067473773090826e-01
1.063794851854816592e+00 -1.016310745605040165e-02 1.781695880899259177e-01
1.062796880981191849e+00 -1.016518425127693748e-02 1.782332250268937879e-01
1.061798962311205630e+00 -1.016729152529382597e-02 1.782976743728587055e-01
1.060801097600693410e+00 -1.016942993877363935e-02 1.783629527793073322e-01
1.059803288679516786e+00 -1.017160017189431415e-02 1.784290773824229182e-01
1.058805537455363988e+00 -1.017380292509357902e-02 1.784960658218051888e-01
1.057807845917781764e+00 -1.017603891986087160e-02 1.785639362601053604e-01
1.056810216142457293e+00 -1.017830889956879842e-02 1.786327074036312135e-01
1.055812650295766986e+00 -1.018061363034523763e-02 1.787023985239795387e-01
1.054815150639611065e+00 -1.018295390199019587e-02 1.787730294807592102e-01
1.053817719536555675e+00 -1.018533052893890942e-02 1.788446207454720827e-01
1.052820359455306054e+00 -1.018774435127457571e-02 1.789171934266227393e-01
1.051823072976534101e+00 -1.019019623579420046e-02 1.789907692961346664e-01
1.050825862799088739e+00 -1.019268707713028195e-02 1.790653708171561220e-01
1.049828731746617727e+00 -1.019521779893210224e-02 1.791410211733443780e-01
1.048831682774633123e+00 -1.019778935511046064e-02 1.792177442997240355e-01
1.047834718978055024e+00 -1.020040273115035458e-02 1.792955649152227771e-01
1.046837843599271567e+00 -1.020305894549580934e-02 1.793745085569959374e-01
1.045841060036757586e+00 -1.020575905101163590e-02 1.794546016166596314e-01
1.044844371854295462e+00 -1.020850413652756722e-02 1.795358713785618621e-01
1.043847782790848999e+00 -1.021129532847036246e-02 1.796183460602315818e-01
1.042851296771144298e+00 -1.021413379259025062e-02 1.797020548551561403e-01
1.041854917917017564e+00 -1.021702073578750411e-02 1.797870279780518221e-01
1.040858650559594034e+00 -1.021995740804685845e-02 1.798732967128039706e-01
1.039862499252370176e+00 -1.022294510448772814e-02 1.799608934632690727e-01
1.038866468785277997e+00 -1.022598516753834251e-02 1.800498518071466381e-01
1.037870564199818268e+00 -1.022907898924301472e-02 1.801402065531478025e-01
1.036874790805357716e+00 -1.023222801371228251e-02 1.802319938017065137e-01
1.035879154196696073e+00 -1.023543373972777074e-02 1.803252510095012806e-01
1.034883660273019590e+00 -1.023869772351209025e-02 1.804200170580793350e-01
1.033888315258368662e+00 -1.024202158167729186e-02 1.805163323269007858e-01
1.032893125723763461e+00 -1.024540699436618692e-02 1.806142387711506536e-01
1.031898098611145231e+00 -1.024885570860118757e-02 1.807137800046986487e-01
1.030903241259308656e+00 -1.025236954185899767e-02 1.808150013886226926e-01
1.029908561432020919e+00 -1.025595038588790649e-02 1.809179501257497658e-01
1.028914067348544625e+00 -1.025960021078840823e-02 1.810226753617139306e-01
1.027919767716807042e+00 -1.026332106937933794e-02 1.811292282930804520e-01
1.026925671769487014e+00 -1.026711510187450216e-02 1.812376622831374240e-01
1.025931789303321517e+00 -1.027098454089602798e-02 1.813480329860185924e-01
1.024938130721971596e+00 -1.027493171685303110e-02 1.814603984798900116e-01
1.023944707082828476e+00 -1.027895906372104130e-02 1.815748194100054169e-01
1.022951530148188182e+00 -1.028306912525582539e-02 1.816913591425226293e-01
1.021958612441275616e+00 -1.028726456168241321e-02 1.818100839300693661e-01
1.020965967307661870e+00 -1.029154815690378789e-02 1.819310630901525283e-01
1.019973608982689628e+00 -1.029592282627816990e-02 1.820543691976251321e-01
1.018981552665600754e+00 -1.030039162502005209e-02 1.821800782925601381e-01
1.017989814601155008e+00 -1.030495775728517728e-02 1.823082701050349197e-01
1.016998412169636934e+00 -1.030962458600787404e-02 1.824390282985044742e-01
1.016007363986270118e+00 -1.031439564356633094e-02 1.825724407336334065e-01
1.015016690011204537e+00 -1.031927464336152359e-02 1.827085997546820939e-01
1.014026411671410166e+00 -1.032426549240447744e-02 1.828476025007962358e-01
1.013036551996002066e+00 -1.032937230501873929e-02 1.829895512448321548e-01
1.012047135766753536e+00 -1.033459941777705761e-02 1.831345537626847264e-01
1.011058189685818398e+00 -1.033995140580927508e-02 1.832827237364565709e-01
1.010069742562996531e+00 -1.034543310063603880e-02 1.834341811952374668e-01
1.009081825525243392e+00 -1.035104960969847852e-02 1.835890529977585173e-01
1.008094472251560347e+00 -1.035680633778016634e-02 1.837474733617514289e-01
1.007107719236914889e+00 -1.036270901054543205e-02 1.839095844454972650e-01
1.006121606089450893e+00 -1.036876370044862231e-02 1.840755369878048497e-01
1.005136175865975368e+00 -1.037497685530022230e-02 1.842454910135333523e-01
1.004151475451575681e+00 -1.038135532982208988e-02 1.844196166127839709e-01
1.003167555990264637e+00 -1.038790642057129884e-02 1.845980948030649937e-01
1.002184473374799545e+00 -1.039463790466396871e-02 1.847811184851012589e-01
1.001202288805338458e+00 -1.040155808280173073e-02 1.849688935045577520e-01
1.000221069428427922e+00 -1.040867582717429178e-02 1.851616398338122305e-01
9.992408890700464896e-01 -1.041600063490262691e-02 1.853595928900973744e-01
9.982618290791547278e-01 -1.042354268779424956e-02 1.855630050088933614e-01
9.982618290791547278e-01 -1.042354268779424956e-02 1.855630050088933614e-01
9.981995375109034008e-01 -1.042403308507679552e-02 1.855762063939492279e-01
9.980790225110102165e-01 -1.042500427800065188e-02 1.856022406312982931e-01
9.980790225110102165e-01 -1.042500427800065188e-02 1.856022406312982931e-01
9.980031208691862998e-01 -1.042563414887397871e-02 1.856190343748518601e-01
9.980031208691862998e-01 -1.042563414887397871e-02 1.856190343748518601e-01
9.979341080076401527e-01 -1.042622196698325503e-02 1.856346364971328267e-01
9.979341080076401527e-01 -1.042622196698325503e-02 1.856346364971328267e-01
9.978739552323413475e-01 -1.042674791922158090e-02 1.856485377479342447e-01
9.978739552323413475e-01 -1.042674791922158090e-02 1.856485377479342447e-01
9.978205300851517023e-01 -1.042722716314467384e-02 1.856611554756839588e-01
9.978205300851517023e-01 -1.042722716314467384e-02 1.856611554756839588e-01
9.977724401659000542e-01 -1.042766981367885051e-02 1.856727594498175649e-01
9.977724401659000542e-01 -1.042766981367885051e-02 1.856727594498175649e-01
9.977286868265119457e-01 -1.042808298450521344e-02 1.856835433998562934e-01
9.977286868265119457e-01 -1.042808298450521344e-02 1.856835433998562934e-01
9.976886966157662018e-01 -1.042847024579782698e-02 1.856936086274525166e-01
9.976886966157662018e-01 -1.042847024579782698e-02 1.856936086274525166e-01
9.976519092768177943e-01 -1.042883534223123555e-02 1.857030607249466059e-01
9.976519092768177943e-01 -1.042883534223123555e-02 1.857030607249466059e-01
9.976178980865374468e-01 -1.042918112943466875e-02 1.857119789027507351e-01
9.976178980865374468e-01 -1.042918112943466875e-02 1.857119789027507351e-01
9.975862937579406120e-01 -1.042951020367859083e-02 1.857204334832163461e-01
9.975862937579406120e-01 -1.042951020367859083e-02 1.857204334832163461e-01
9.975568102192434727e-01 -1.042982438222940858e-02 1.857284778002468717e-01
9.975568102192434727e-01 -1.042982438222940858e-02 1.857284778002468717e-01
9.975292634999356478e-01 -1.043012461642097918e-02 1.857361410921901934e-01
9.975292634999356478e-01 -1.043012461642097918e-02 1.857361410921901934e-01
9.975033728294365742e-01 -1.043041312496527720e-02 1.857434828582863739e-01
9.975033728294365742e-01 -1.043041312496527720e-02 1.857434828582863739e-01
9.974790088254578135e-01 -1.043069065487204142e-02 1.857505233263329614e-01
9.974790088254578135e-01 -1.043069065487204142e-02 1.857505233263329614e-01
9.974560364457362160e-01 -1.043095807122279388e-02 1.857572862145095705e-01
9.974560364457362160e-01 -1.043095807122279388e-02 1.857572862145095705e-01
9.974343157690074291e-01 -1.043121638072560739e-02 1.857637987510223354e-01
9.974343157690074291e-01 -1.043121638072560739e-02 1.857637987510223354e-01
9.974137535105995767e-01 -1.043146610207954482e-02 1.857700762011708084e-01
9.974137535105995767e-01 -1.043146610207954482e-02 1.857700762011708084e-01
9.973942491529745880e-01 -1.043170789537823870e-02 1.857761375522403169e-01
9.973942491529745880e-01 -1.043170789537823870e-02 1.857761375522403169e-01
9.973757020896985015e-01 -1.043194250891768191e-02 1.857820034455669456e-01
9.973757020896985015e-01 -1.043194250891768191e-02 1.857820034455669456e-01
9.973580638471134518e-01 -1.043217010640126383e-02 1.857876792965206802e-01
9.973580638471134518e-01 -1.043217010640126383e-02 1.857876792965206802e-01
9.973412471751997854e-01 -1.043239136855016874e-02 1.857931839037843813e-01
9.973412471751997854e-01 -1.043239136855016874e-02 1.857931839037843813e-01
9.973251842423621616e-01 -1.043260676747153302e-02 1.857985311173234177e-01
9.973251842423621616e-01 -1.043260676747153302e-02 1.857985311173234177e-01
9.973098389062192703e-01 -1.043281646932908008e-02 1.858037251221741903e-01
9.973098389062192703e-01 -1.043281646932908008e-02 1.858037251221741903e-01
9.972951649916866890e-01 -1.043302077162594835e-02 1.858087740503512886e-01
9.972951649916866890e-01 -1.043302077162594835e-02 1.858087740503512886e-01
9.972811056654921069e-01 -1.043322012801644813e-02 1.858136905517154269e-01
9.972811056654921069e-01 -1.043322012801644813e-02 1.858136905517154269e-01
9.972676271580119822e-01 -1.043341471547226673e-02 1.858184800429341921e-01
9.972676271580119822e-01 -1.043341471547226673e-02 1.858184800429341921e-01
9.972546920958011984e-01 -1.043360480128407812e-02 1.858231497414995215e-01
9.972546920958011984e-01 -1.043360480128407812e-02 1.858231497414995215e-01
9.972422668745427599e-01 -1.043379063153675873e-02 1.858277060782337897e-01
9.972422668745427599e-01 -1.043379063153675873e-02 1.858277060782337897e-01
9.972303245832843110e-01 -1.043397235753549743e-02 1.858321535354396647e-01
9.972303245832843110e-01 -1.043397235753549743e-02 1.858321535354396647e-01
9.972188407337376770e-01 -1.043415012468794194e-02 1.858364960916308317e-01
9.972188407337376770e-01 -1.043415012468794194e-02 1.858364960916308317e-01
9.972077760791780987e-01 -1.043432432610746051e-02 1.858407438213114382e-01
9.972077760791780987e-01 -1.043432432610746051e-02 1.858407438213114382e-01
9.971971153519496589e-01 -1.043449500148942340e-02 1.858448981191244687e-01
9.971971153519496589e-01 -1.043449500148942340e-02 1.858448981191244687e-01
9.971868375568860854e-01 -1.043466229231733086e-02 1.858489628555140549e-01
9.971868375568860854e-01 -1.043466229231733086e-02 1.858489628555140549e-01
9.971769196623814224e-01 -1.043482635536360260e-02 1.858529430621769230e-01
9.971769196623814224e-01 -1.043482635536360260e-02 1.858529430621769230e-01
9.971673458163362591e-01 -1.043498726779616172e-02 1.858568412389509927e-01
9.971673458163362591e-01 -1.043498726779616172e-02 1.858568412389509927e-01
9.971580992892881135e-01 -1.043514516126947678e-02 1.858606604883321911e-01
9.971580992892881135e-01 -1.043514516126947678e-02 1.858606604883321911e-01
9.969778473437668209e-01 -1.047829148125195217e-02 1.868210753342394725e-01
9.969918245942408497e-01 -1.047891460015135633e-02 1.868343568256544962e-01
9.969918245942408497e-01 -1.047891460015135633e-02 1.868343568256544962e-01
9.969995629986461161e-01 -1.047925483213143355e-02 1.868416036280939330e-01
9.970150616739945626e-01 -1.047992689140538232e-02 1.868559085276948473e-01
9.970150616739945626e-01 -1.047992689140538232e-02 1.868559085276948473e-01
9.970237365794525353e-01 -1.048029785261570326e-02 1.868637996810790791e-01
9.970410975993687641e-01 -1.048103000192193712e-02 1.868793642567512514e-01
9.970410975993687641e-01 -1.048103000192193712e-02 1.868793642567512514e-01
9.970508827353778969e-01 -1.048143696382885202e-02 1.868880100058018801e-01
9.970704487320449783e-01 -1.048223954571505731e-02 1.869050476656377857e-01
9.970704487320449783e-01 -1.048223954571505731e-02 1.869050476656377857e-01
9.970815706850736371e-01 -1.048268951829724356e-02 1.869145919597875460e-01
9.971037876016287660e-01 -1.048357602090439593e-02 1.869333808255896900e-01
9.971037876016287660e-01 -1.048357602090439593e-02 1.869333808255896900e-01
9.971165387960718718e-01 -1.048407778741706868e-02 1.869440075791597711e-01
9.971419805066746855e-01 -1.048506522500882582e-02 1.869649019700611592e-01
9.971419805066746855e-01 -1.048506522500882582e-02 1.869649019700611592e-01
9.971567559251466317e-01 -1.048563080331783165e-02 1.869768592191385914e-01
9.971861953383635013e-01 -1.048674216835795633e-02 1.870003352494703786e-01
9.971861953383635013e-01 -1.048674216835795633e-02 1.870003352494703786e-01
9.972035593781048979e-01 -1.048738864407017246e-02 1.870139785885267247e-01
9.972380964374302215e-01 -1.048865676574563428e-02 1.870407168879651694e-01
9.972380964374302215e-01 -1.048865676574563428e-02 1.870407168879651694e-01
9.972588570987448442e-01 -1.048940849982158731e-02 1.870565524242245314e-01
9.973000586723894667e-01 -1.049087968833170049e-02 1.870875158744564615e-01
9.973000586723894667e-01 -1.049087968833170049e-02 1.870875158744564615e-01
9.973255036551650354e-01 -1.049177554839622259e-02 1.871063539401302822e-01
9.973758509748313905e-01 -1.049352368398713195e-02 1.871430751566411921e-01
9.973758509748313905e-01 -1.049352368398713195e-02 1.871430751566411921e-01
9.974081931444467308e-01 -1.049463096153682197e-02 1.871663109154451665e-01
9.974719104504535805e-01 -1.049678154192972696e-02 1.872114059937725616e-01
9.974719104504535805e-01 -1.049678154192972696e-02 1.872114059937725616e-01
9.975154051663476240e-01 -1.049822872647379265e-02 1.872417254896096561e-01
9.976004984934192521e-01 -1.050102001808856690e-02 1.873001627609811870e-01
9.976004984934192521e-01 -1.050102001808856690e-02 1.873001627609811870e-01
9.976660307124277649e-01 -1.050313846592027672e-02 1.873444874686253370e-01
9.977924817212688868e-01 -1.050716992963765702e-02 1.874287760907235034e-01
9.980274509332816013e-01 -1.051453449627960668e-02 1.875825891623957020e-01
9.984328937845067253e-01 -1.052707700593179425e-02 1.878446868465228348e-01
9.990491404214447702e-01 -1.054599177945696881e-02 1.882404958807545325e-01
9.998317988640059717e-01 -1.056982548692659424e-02 1.887395317826184860e-01
1.000672358341642587e+00 -1.059519859294032543e-02 1.892711536503662861e-01
1.001519149457085867e+00 -1.062053784448845420e-02 1.898024232465676808e-01
1.002367802333248958e+00 -1.064572119904299424e-02 1.903307708875813242e-01
1.003218199386084475e+00 -1.067075486678919528e-02 1.908563140002488001e-01
1.004070252156694432e+00 -1.069564528105708574e-02 1.913791755201556810e-01
1.004923878561913009e+00 -1.072039847229480126e-02 1.918994706971793307e-01
1.005779002294821201e+00 -1.074502010145834963e-02 1.924173077299012879e-01
1.006635552294600888e+00 -1.076951548999742665e-02 1.929327883356342643e-01
1.007493462275899754e+00 -1.079388964683315917e-02 1.934460082634901767e-01
1.008352670309876409e+00 -1.081814729268425201e-02 1.939570577572053423e-01
1.009213118450266400e+00 -1.084229288204757377e-02 1.944660219735351303e-01
1.010074752398788300e+00 -1.086633062310288569e-02 1.949729813612608442e-01
1.010937521205027334e+00 -1.089026449577236086e-02 1.954780120051967107e-01
1.011801376996620316e+00 -1.091409826813626548e-02 1.959811859390226951e-01
1.012666274736142791e+00 -1.093783551138483717e-02 1.964825714302901871e-01
1.013532172001587517e+00 -1.096147961346065347e-02 1.969822332405361531e-01
1.014399028787738910e+00 -1.098503379152556900e-02 1.974802328630837212e-01
1.015266807326100418e+00 -1.100850110337338317e-02 1.979766287408011860e-01
1.016135471921331801e+00 -1.103188445789471221e-02 1.984714764658248864e-01
1.017004988802409748e+00 -1.105518662468728958e-02 1.989648289630222000e-01
1.017875325986949075e+00 -1.107841024289412009e-02 1.994567366587673973e-01
1.018746453157310716e+00 -1.110155782934390059e-02 1.999472476364285989e-01
1.019618341547287255e+00 -1.112463178605955366e-02 2.004364077798110599e-01
1.020490963838298404e+00 -1.114763440719192776e-02 2.009242609056675621e-01
1.021364294064153855e+00 -1.117056788543258072e-02 2.014108488862674795e-01
1.022238307523547052e+00 -1.119343431795105127e-02 2.018962117629136688e-01
1.023112980699537156e+00 -1.121623571189960325e-02 2.023803878512034637e-01
1.023988291185359722e+00 -1.123897398952260034e-02 2.028634138387495345e-01
1.024864217615976347e+00 -1.126165099290313276e-02 2.033453248760054288e-01
1.025740739604837914e+00 -1.128426848838011073e-02 2.038261546607753882e-01
1.026617837685391388e+00 -1.130682817066163900e-02 2.043059355169329350e-01
1.027495493256908254e+00 -1.132933166665912872e-02 2.047846984678217130e-01
1.028373688534256480e+00 -1.135178053906583419e-02 2.052624733047672401e-01
1.029252406501274475e+00 -1.137417628970058964e-02 2.057392886510894248e-01
1.030131630867442194e+00 -1.139652036263294650e-02 2.062151720219684015e-01
1.031011346027572273e+00 -1.141881414710858855e-02 2.066901498804838422e-01
1.031891537024270500e+00 -1.144105898029041529e-02 2.071642476901213170e-01
1.032772189512941363e+00 -1.146325614982785998e-02 2.076374899640110738e-01
1.033653289729132618e+00 -1.148540689626879018e-02 2.081099003111431256e-01
1.034534824458033464e+00 -1.150751241532422739e-02 2.085815014797801070e-01
1.035416781005958242e+00 -1.152957385999704883e-02 2.090523153982713489e-01
1.036299147173661339e+00 -1.155159234258500665e-02 2.095223632134540770e-01
1.037181911231343623e+00 -1.157356893656649385e-02 2.099916653268128763e-01
1.038065061895223407e+00 -1.159550467837745270e-02 2.104602414285541012e-01
1.038948588305555365e+00 -1.161740056908642377e-02 2.109281105297384495e-01
1.039832480005990822e+00 -1.163925757597520858e-02 2.113952909926049839e-01
1.040716726924181046e+00 -1.166107663403168938e-02 2.118618005592085018e-01
1.041601319353537169e+00 -1.168285864735975864e-02 2.123276563784814441e-01
1.042486247936062371e+00 -1.170460449051279744e-02 2.127928750318251461e-01
1.043371503646181253e+00 -1.172631500975564352e-02 2.132574725573265495e-01
1.044257077775499587e+00 -1.174799102425904893e-02 2.137214644726877777e-01
1.045142961918428259e+00 -1.176963332723122285e-02 2.141848657969512848e-01
1.046029147958613903e+00 -1.179124268699035909e-02 2.146476910710963248e-01
1.046915628056123371e+00 -1.181281984798249543e-02 2.151099543775763789e-01
1.047802394635331202e+00 -1.183436553174715966e-02 2.155716693588636268e-01
1.048689440373463233e+00 -1.185588043783386385e-02 2.160328492350605811e-01
1.049576758189755932e+00 -1.187736524467330676e-02 2.164935068206351454e-01
1.050464341235191057e+00 -1.189882061040585005e-02 2.169536545403314420e-01
1.051352182882768993e+00 -1.192024717366920762e-02 2.174133044443049834e-01
1.052240276718287237e+00 -1.194164555434809941e-02 2.178724682225278431e-01
1.053128616531592954e+00 -1.196301635428821154e-02 2.183311572185055449e-01
1.054017196308281168e+00 -1.198436015797598418e-02 2.187893824423452760e-01
1.054906010221809964e+00 -1.200567753318672500e-02 2.192471545832128388e-01
1.055795052626008701e+00 -1.202696903160269636e-02 2.197044840212119265e-01
1.056684318047956150e+00 -1.204823518940237315e-02 2.201613808387175297e-01
1.057573801181205919e+00 -1.206947652782319573e-02 2.206178548311948373e-01
1.058463496879339605e+00 -1.209069355369907055e-02 2.210739155175304171e-01
1.059353400149828817e+00 -1.211188675997364010e-02 2.215295721499024317e-01
1.060243506148187853e+00 -1.213305662619064244e-02 2.219848337232148416e-01
1.061133810172400826e+00 -1.215420361896300816e-02 2.224397089841185504e-01
1.062024307657607691e+00 -1.217532819242170446e-02 2.228942064396411682e-01
1.062914994171036076e+00 -1.219643078864493003e-02 2.233483343654453501e-01
1.063805865407163598e+00 -1.221751183806902945e-02 2.238021008137354162e-01
1.064696917183098668e+00 -1.223857175988200298e-02 2.242555136208302102e-01
1.065588145434168910e+00 -1.225961096240084196e-02 2.247085804144186572e-01
1.066479546209704976e+00 -1.228062984343295840e-02 2.251613086205146441e-01
1.067371115669009995e+00 -1.230162879062246181e-02 2.256137054701255196e-01
1.068262850077504433e+00 -1.232260818178266583e-02 2.260657780056483934e-01
1.069154745803037931e+00 -1.234356838521495810e-02 2.265175330870082826e-01
1.070046799312359020e+00 -1.236450976001487838e-02 2.269689773975496483e-01
1.070939007167734269e+00 -1.238543265636605183e-02 2.274201174496938982e-01
1.071831366023710208e+00 -1.240633741582235217e-02 2.278709595903734564e-01
1.072723872624010699e+00 -1.242722437157935296e-02 2.283215100062534197e-01
1.073616523798561984e+00 -1.244809384873486052e-02 2.287717747287508208e-01
1.074509316460639852e+00 -1.246894616453951381e-02 2.292217596388602396e-01
1.075402247604133610e+00 -1.248978162863792658e-02 2.296714704717955080e-01
1.076295314300919959e+00 -1.251060054330040139e-02 2.301209128214556088e-01
1.077188513698341898e+00 -1.253140320364628905e-02 2.305700921447223217e-01
1.078081843016787778e+00 -1.255218989785883768e-02 2.310190137655976639e-01
1.078975299547366040e+00 -1.257296090739195259e-02 2.314676828791885632e-01
1.079868880649670793e+00 -1.259371650716949870e-02 2.319161045555449274e-01
1.080762583749633299e+00 -1.261445696577715402e-02 2.323642837433577135e-01
1.081656406337456966e+00 -1.263518254564761564e-02 2.328122252735232434e-01
1.082550345965630267e+00 -1.265589350323889292e-02 2.332599338625796492e-01
1.083444400247015826e+00 -1.267659008920624455e-02 2.337074141160207785e-01
1.084338566853010999e+00 -1.269727254856828358e-02 2.341546705314926091e-01
1.085232843511776402e+00 -1.271794112086700387e-02 2.346017075018774767e-01
1.086127228006530832e+00 -1.273859604032204912e-02 2.350485293182709434e-01
1.087021718173908802e+00 -1.275923753597996493e-02 2.354951401728553328e-01
1.087916311902377364e+00 -1.277986583185835787e-02 2.359415441616743436e-01
1.088811007130710662e+00 -1.280048114708485195e-02 2.363877452873132112e-01
1.089705801846519329e+00 -1.282108369603142915e-02 2.368337474614876925e-01
1.090600694084832067e+00 -1.284167368844427344e-02 2.372795545075460644e-01
1.091495681926727856e+00 -1.286225132956915658e-02 2.377251701628873282e-01
1.093196414781550274e+00 -1.290131561704155327e-02 2.385713271218708742e-01
1.096275557996052807e+00 -1.297191513835078622e-02 2.401012331412395728e-01
1.101377078157079525e+00 -1.308854996203652477e-02 2.426305887410820927e-01
1.108678815329645184e+00 -1.325482720989260184e-02 2.462403309310462474e-01
1.117339106112180902e+00 -1.345114822019817177e-02 2.505078028521299238e-01
1.126302110279726598e+00 -1.365344227573998467e-02 2.549109763781324256e-01
1.135280249700347577e+00 -1.385529322777749074e-02 2.593100635919532437e-01
1.144262237313565134e+00 -1.405654840910239636e-02 2.637013480249129627e-01
1.153247454104845859e+00 -1.425728002524278594e-02 2.680860458130733814e-01
1.162235396781139185e+00 -1.445754955707380211e-02 2.724651747720178152e-01
1.171225645587923303e+00 -1.465740946262443847e-02 2.768395863404033985e-01
1.180217848860535934e+00 -1.485690474776063356e-02 2.812099956718006055e-01
1.189211710793976806e+00 -1.505607422192383436e-02 2.855770056328725826e-01
1.198206981675939087e+00 -1.525495151049024480e-02 2.899411260921410105e-01
1.207203450025941427e+00 -1.545356587711454142e-02 2.943027895325562304e-01
1.216200936224158369e+00 -1.565194289633319025e-02 2.986623637684324706e-01
1.225199287314995944e+00 -1.585010500718184515e-02 3.030201623629468766e-01
1.234198372744579553e+00 -1.604807197152057982e-02 3.073764532061731281e-01
1.243198080846179998e+00 -1.624586125550949930e-02 3.117314656117385341e-01
1.252198315928650718e+00 -1.644348834871653398e-02 3.160853962132187944e-01
1.261198995853999083e+00 -1.664096703229584612e-02 3.204384138826388839e-01
1.270200050013931437e+00 -1.683830960534509966e-02 3.247906638482002672e-01
1.279201417633491600e+00 -1.703552707675467723e-02 3.291422711532157597e-01
1.288203046344121860e+00 -1.723262932844649153e-02 3.334933435707301830e-01
1.297204890979596570e+00 -1.742962525478321256e-02 3.378439740666351887e-01
1.306206912557056343e+00 -1.762652288204197282e-02 3.421942428868878228e-01
1.315209077412339944e+00 -1.782332947115103372e-02 3.465442193307149976e-01
1.324211356464378486e+00 -1.802005160632065214e-02 3.508939632606596359e-01
1.333213724587886562e+00 -1.821669527174223438e-02 3.552435263914370811e-01
1.342216160077198461e+00 -1.841326591816405331e-02 3.595929533923593602e-01
1.351218644187028639e+00 -1.860976852084310698e-02 3.639422828322075865e-01
1.360221160738325219e+00 -1.880620763013416546e-02 3.682915479906312406e-01
1.369223695779341332e+00 -1.900258741577209171e-02 3.726407775562078362e-01
1.378226237293658007e+00 -1.919891170573607628e-02 3.769899962280446881e-01
1.387228774948218168e+00 -1.939518402044696638e-02 3.813392252351163747e-01
1.396231299875530185e+00 -1.959140760293209133e-02 3.856884827853008790e-01
1.405233804485110705e+00 -1.978758544549825971e-02 3.900377844542217698e-01
1.414236282299996539e+00 -1.998372031337368113e-02 3.943871435224554078e-01
1.423238727814789550e+00 -2.017981476571141866e-02 3.987365712683654806e-01
1.432241136372230050e+00 -2.037587117429129693e-02 4.030860772227408684e-01
1.441243504055741198e+00 -2.057189174020909034e-02 4.074356693905001325e-01
1.450245827595761483e+00 -2.076787850880039768e-02 4.117853544439544211e-01
1.459248104288000558e+00 -2.096383338301446506e-02 4.161351378914697752e-01
1.468250331922020813e+00 -2.115975813542382913e-02 4.204850242248217573e-01
1.477252508718775115e+00 -2.135565441902909437e-02 4.248350170480649224e-01
1.486254633275922998e+00 -2.155152377699913122e-02 4.291851191903459095e-01
1.495256704519911439e+00 -2.174736765146800810e-02 4.335353328047508725e-01
1.504258721663948251e+00 -2.194318739149383329e-02 4.378856594549889181e-01
1.513260684171112924e+00 -2.213898426027253313e-02 4.422361001914688061e-01
1.522262591721952552e+00 -2.233475944168802907e-02 4.465866556181135594e-01
1.531264444185999940e+00 -2.253051404626884788e-02 4.509373259510793819e-01
1.540266241596722319e+00 -2.272624911661362199e-02 4.552881110703903556e-01
1.549267984129476972e+00 -2.292196563234140047e-02 4.596390105653662683e-01
1.558269672082103874e+00 -2.311766451461469071e-02 4.639900237746065748e-01
1.567271305857833141e+00 -2.331334663027838372e-02 4.683411498211957902e-01
1.576272885950227298e+00 -2.350901279565243210e-02 4.726923876437094663e-01
1.585274412929913224e+00 -2.370466378001208352e-02 4.770437360235260105e-01
1.594275887432890171e+00 -2.390030030878562486e-02 4.813951936088868289e-01
1.603277310150226231e+00 -2.409592306649631713e-02 4.857467589360908722e-01
1.612278681818980486e+00 -2.429153269947249491e-02 4.900984304481621479e-01
1.621280003214206289e+00 -2.448712981834710867e-02 4.944502065112872935e-01
1.630281275141908459e+00 -2.468271500036564245e-02 4.988020854292834483e-01
1.639282498432846014e+00 -2.487828879151938316e-02 5.031540654563255721e-01
1.648283673937080973e+00 -2.507385170851957404e-02 5.075061448081347182e-01
1.657284802519188194e+00 -2.526940424062629198e-02 5.118583216718040063e-01
1.666285885054050731e+00 -2.546494685134447281e-02 5.162105942144188386e-01
1.675286922423172786e+00 -2.566047997999803751e-02 5.205629605906090251e-01
1.684287915511452960e+00 -2.585600404319234741e-02 5.249154189491544997e-01
1.693288865204365168e+00 -2.605151943617431409e-02 5.292679674387525957e-01
1.702289772385500166e+00 -2.624702653409835204e-02 5.336206042130411387e-01
1.711290637934427927e+00 -2.644252569320560201e-02 5.379733274349618455e-01
1.720291462724844900e+00 -2.663801725192348202e-02 5.423261352805386348e-01
1.729292247622973289e+00 -2.683350153189155429e-02 5.466790259421370202e-01
1.738292993486184601e+00 -2.702897883891952624e-02 5.510319976312630930e-01
1.747293701161821700e+00 -2.722444946388253781e-02 5.553850485809537219e-01
1.756294371486197381e+00 -2.741991368355833208e-02 5.597381770478048191e-01
1.765295005283749719e+00 -2.761537176141082989e-02 5.640913813136785304e-01
1.774295603366335516e+00 -2.781082394832384841e-02 5.684446596871257640e-01
1.783296166532646776e+00 -2.800627048328859989e-02 5.727980105045564763e-01
1.792296695567736631e+00 -2.820171159404839117e-02 5.771514321311870255e-01
1.801297191242640983e+00 -2.839714749770353569e-02 5.815049229617899051e-01
1.810297654314085847e+00 -2.859257840127927067e-02 5.858584814212689507e-01
1.819298085524269748e+00 -2.878800450225927135e-02 5.902121059650811130e-01
1.828298485600712064e+00 -2.898342598908698955e-02 5.945657950795221192e-01
1.837298855256160879e+00 -2.917884304163723824e-02 5.989195472818925614e-01
1.846299195188551234e+00 -2.937425583165987827e-02 6.032733611205594038e-01
1.855299506081009131e+00 -2.956966452319747390e-02 6.076272351749251177e-01
1.864299788601895047e+00 -2.976506927297873500e-02 6.119811680553166600e-01
1.873300043404881210e+00 -2.996047023078922053e-02 6.163351584028043950e-01
1.882300271129059732e+00 -3.015586753982084714e-02 6.206892048889597335e-01
1.891300472399076504e+00 -3.035126133700153869e-02 6.250433062155603681e-01
1.900300647825287292e+00 -3.054665175330640095e-02 6.293974611142501008e-01
1.909300798003932931e+00 -3.074203891405137556e-02 6.337516683461597022e-01
1.926401016095917296e+00 -3.111326602328496824e-02 6.420248014666812830e-01
1.957352197981085729e+00 -3.178516099089132713e-02 6.569996135512559121e-01
2.008609897580434289e+00 -3.289782168106468452e-02 6.818005451112398863e-01
2.081931305592896297e+00 -3.448933175213736435e-02 7.172796407214954151e-01
2.168837969838924185e+00 -3.637561670817189563e-02 7.593358775583175513e-01
2.258727473433745470e+00 -3.832655561998504073e-02 8.028388028712997171e-01
2.348721918144375476e+00 -4.027970815251023795e-02 8.463951722515685727e-01
2.438715641498394149e+00 -4.223279876129355792e-02 8.899533539531730986e-01
2.528708671094484828e+00 -4.418584040797971652e-02 9.335129711682589315e-01
2.618701127562469644e+00 -4.613884443907532301e-02 9.770737741194838177e-01
2.708693106870684986e+00 -4.809181918716267518e-02 1.020635564137499784e+00
2.798684685922228521e+00 -5.004477085497513467e-02 1.064198182050294594e+00
2.888675926792183102e+00 -5.199770411876675907e-02 1.107761499396725080e+00
2.978666879948414614e+00 -5.395062254625025699e-02 1.151325411750367511e+00
3.068657586712079333e+00 -5.590352889011272752e-02 1.194889833620969011e+00
3.158648081147978015e+00 -5.785642529682355484e-02 1.238454694538410061e+00
3.248638391525640490e+00 -5.980931345698892176e-02 1.282019936026632889e+00
3.338628541455650023e+00 -6.176219471485420304e-02 1.325585509250654104e+00
3.428618550778946616e+00 -6.371507014891471254e-02 1.369151373175397257e+00
3.518608436267174788e+00 -6.566794063186355557e-02 1.412717493115949852e+00
3.608598212177642317e+00 -6.762080687560353964e-02 1.456283839588931928e+00
3.698587890695750335e+00 -6.957366946535532837e-02 1.499850387396877593e+00
3.788577482289815723e+00 -7.152652888572869072e-02 1.543417114894002129e+00
3.878566995997284383e+00 -7.347938554081591411e-02 1.586984003393995035e+00
3.968556439656908186e+00 -7.543223976980147072e-02 1.630551036689663391e+00
4.058545820098118817e+00 -7.738509185918023003e-02 1.674118200661160794e+00
4.148535143296308902e+00 -7.933794205239017017e-02 1.717685482954765197e+00
4.238524414500818516e+00 -8.129079055745962179e-02 1.761252872718144902e+00
4.328513638340941938e+00 -8.324363755311847690e-02 1.804820360381092614e+00
4.418502818914157082e+00 -8.519648319371311840e-02 1.848387937473044529e+00
4.508491959859896703e+00 -8.714932761318348875e-02 1.891955596470507928e+00
4.598481064421511277e+00 -8.910217092829991747e-02 1.935523330668923014e+00
4.688470135498532976e+00 -9.105501324131258511e-02 1.979091134074579594e+00
4.778459175690944249e+00 -9.300785464213195963e-02 2.022659001313069194e+00
4.868448187336830379e+00 -9.496069521013235371e-02 2.066226927551433779e+00
4.958437172544520877e+00 -9.691353501565146134e-02 2.109794908431699145e+00
5.048426133220135448e+00 -9.886637412124314739e-02 2.153362940013921367e+00
5.138415071091274378e+00 -1.008192125827287594e-01 2.196931018727207086e+00
5.228403987727459068e+00 -1.027720504500834048e-01 2.240499141327442434e+00
5.318392884557836986e+00 -1.047248877681864199e-01 2.284067304860692982e+00
5.408381762886561361e+00 -1.066777245774593874e-01 2.327635506631410500e+00
5.498370623906188470e+00 -1.086305609144106177e-01 2.371203744174728012e+00
5.588359468709391820e+00 -1.105833968121017058e-01 2.414772015232246272e+00
5.678348298299227714e+00 -1.125362323005488774e-01 2.458340317730810298e+00
5.768337113598157373e+00 -1.144890674070692671e-01 2.501908649763855408e+00
5.858325915456002342e+00 -1.164419021565808593e-01 2.545477009574967031e+00
5.948314704656969987e+00 -1.183947365718630990e-01 2.589045395543352335e+00
6.038303481925878735e+00 -1.203475706737840017e-01 2.632613806170972737e+00
6.128292247933686099e+00 -1.223004044814988284e-01 2.676182240071118379e+00
6.218281003302408294e+00 -1.242532380126242647e-01 2.719750695958238040e+00
6.308269748609506955e+00 -1.262060712833915632e-01 2.763319172638868171e+00
6.398258484391813106e+00 -1.281589043087816848e-01 2.806887669003523822e+00
6.488247211149043459e+00 -1.301117371026447034e-01 2.850456184019434680e+00
6.578235929346951671e+00 -1.320645696778056655e-01 2.894024716724024504e+00
6.668224639420165190e+00 -1.340174020461586957e-01 2.937593266219046484e+00
6.758213341774744976e+00 -1.359702342187508739e-01 2.981161831665299911e+00
6.848202036790491221e+00 -1.379230662058569812e-01 3.024730412277859770e+00
6.938190724823029676e+00 -1.398758980170464461e-01 3.068299007321763305e+00
7.028179406205703472e+00 -1.418287296612434079e-01 3.111867616108102919e+00
7.118168081251286416e+00 -1.437815611467806731e-01 3.155436237990480564e+00
7.208156750253543521e+00 -1.457343924814482328e-01 3.199004872361786767e+00
7.298145413488649424e+00 -1.476872236725371434e-01 3.242573518651267417e+00
7.388134071216480692e+00 -1.496400547268790793e-01 3.286142176321851238e+00
7.478122723681797090e+00 -1.515928856508821365e-01 3.329710844867709518e+00
7.568111371115319841e+00 -1.535457164505633909e-01 3.373279523812025893e+00
7.658100013734721934e+00 -1.554985471315784296e-01 3.416848212704954424e+00
7.748088651745531408e+00 -1.574513776992481906e-01 3.460416911121747763e+00
7.838077285341961797e+00 -1.594042081585834436e-01 3.503985618661039858e+00
7.928065914707678630e+00 -1.613570385143071884e-01 3.547554334943267662e+00
8.018054540016500198e+00 -1.633098687708750274e-01 3.591123059609218959e+00
8.108043161433045043e+00 -1.652626989324939011e-01 3.634691792318694326e+00
8.198031779113327033e+00 -1.672155290031392127e-01 3.678260532749274780e+00
8.288020393205307812e+00 -1.691683589865705384e-01 3.721829280595182698e+00
8.378009003849408387e+00 -1.711211888863461150e-01 3.765398035566228874e+00
8.467997611178976314e+00 -1.730740187058361357e-01 3.808966797386840408e+00
8.557986215320720902e+00 -1.750268484482349896e-01 3.852535565795159211e+00
8.647974816395121778e+00 -1.769796781165725585e-01 3.896104340542204891e+00
8.737963414516801919e+00 -1.789325077137246534e-01 3.939673121391100707e+00
8.827952009794877597e+00 -1.808853372424227002e-01 3.983241908116353258e+00
8.917940602333279898e+00 -1.828381667052626502e-01 4.026810700503182794e+00
9.007929192231054927e+00 -1.847909961047131955e-01 4.070379498346900604e+00
9.097917779582648024e+00 -1.867438254431235400e-01 4.113948301452329481e+00
9.187906364478164889e+00 -1.886966547227304503e-01 4.157517109633261931e+00
nan nan nan
nan nan nan
nan nan nan
nan nan nan
nan nan nan
nan nan nan
nan nan nan
nan nan nan
nan nan nan
nan nan nan
nan nan nan
nan nan nan
nan nan nan
nan nan nan
nan nan nan
nan nan nan
nan nan nan
nan nan nan
nan nan nan
nan nan nan
nan nan nan
nan nan nan
nan nan nan
nan nan nan
nan nan nan
nan nan nan
nan nan nan
nan nan nan
nan nan nan
nan nan nan
nan nan nan
nan nan nan
nan nan nan
nan nan nan
nan nan nan
nan nan nan
nan nan nan
nan nan nan
nan nan nan
nan nan nan
nan nan nan
nan nan nan
nan nan nan
nan nan nan
nan nan nan
nan nan nan
nan nan nan
nan nan nan
nan nan nan
nan nan nan
nan nan nan
nan nan nan
nan nan nan
nan nan nan
nan nan nan
nan nan nan
nan nan nan
nan nan nan
nan nan nan
nan nan nan
nan nan nan
nan nan nan
nan nan nan
nan nan nan
nan nan nan
nan nan nan
nan nan nan
nan nan nan
nan nan nan
nan nan nan
nan nan nan
nan nan nan
nan nan nan
nan nan nan
nan nan nan
nan nan nan
nan nan nan
nan nan nan
nan nan nan
nan nan nan
nan nan nan
nan nan nan
nan nan nan
nan nan nan
nan nan nan
nan nan nan
nan nan nan
nan nan nan
nan nan nan
nan nan nan
nan nan nan
nan nan nan
nan nan nan
nan nan nan
nan nan nan
nan nan nan
nan nan nan
nan nan nan
nan nan nan
nan nan nan
nan nan nan
nan nan nan
nan nan nan
nan nan nan
nan nan nan
nan nan nan
nan nan nan
nan nan nan
nan nan nan
nan nan nan
nan nan nan
nan nan nan
nan nan nan
nan nan nan
nan nan nan
nan nan nan
nan nan nan
nan nan nan
nan nan nan
nan nan nan
nan nan nan
nan nan nan
nan nan nan
nan nan nan
nan nan nan
nan nan nan
nan nan nan
nan nan nan
nan nan nan
nan nan nan
nan nan nan
nan nan nan
nan nan nan
nan nan nan
nan nan nan
nan nan nan
nan nan nan
nan nan nan
nan nan nan
nan nan nan
nan nan nan
nan nan nan
nan nan nan
nan nan nan
nan nan nan
nan nan nan
nan nan nan
nan nan nan
nan nan nan
nan nan nan
nan nan nan
nan nan nan
nan nan nan
nan nan nan
nan nan nan
nan nan nan
nan nan nan
nan nan nan
nan nan nan
nan nan nan
nan nan nan
nan nan nan
nan nan nan
nan nan nan
nan nan nan
nan nan nan
nan nan nan
nan nan nan
nan nan nan
nan nan nan
nan nan nan
nan nan nan
nan nan nan
nan nan nan
nan nan nan
nan nan nan
nan nan nan
nan nan nan
nan nan nan
nan nan nan
nan nan nan
nan nan nan
nan nan nan
nan nan nan
nan nan nan
nan nan nan
nan nan nan
nan nan nan
nan nan nan
nan nan nan
nan nan nan
nan nan nan
nan nan nan
nan nan nan
nan nan nan
nan nan nan
nan nan nan
nan nan nan
nan nan nan
nan nan nan
nan nan nan
nan nan nan
nan nan nan
nan nan nan
nan nan nan
nan nan nan
nan nan nan
nan nan nan
nan nan nan
nan nan nan
nan nan nan
nan nan nan
nan nan nan
nan nan nan
nan nan nan
nan nan nan
nan nan nan
nan nan nan
nan nan nan
nan nan nan
nan nan nan
nan nan nan
nan nan nan
nan nan nan
nan nan nan
nan nan nan
nan nan nan
nan nan nan
nan nan nan
nan nan nan
nan nan nan
nan nan nan
nan nan nan
nan nan nan
nan nan nan
nan nan nan
nan nan nan
nan nan nan
nan nan nan
nan nan nan
nan nan nan
nan nan nan
nan nan nan
nan nan nan
nan nan nan
nan nan nan
nan nan nan
nan nan nan
nan nan nan
nan nan nan
nan nan nan
nan nan nan
nan nan nan
nan nan nan
nan nan nan
nan nan nan
nan nan nan
nan nan nan
nan nan nan
nan nan nan
nan nan nan
nan nan nan
nan nan nan
nan nan nan
nan nan nan
nan nan nan
nan nan nan
nan nan nan
nan nan nan
nan nan nan
nan nan nan
nan nan nan
nan nan nan
nan nan nan
nan nan nan
nan nan nan
nan nan nan
nan nan nan
nan nan nan
nan nan nan
nan nan nan
nan nan nan
nan nan nan
nan nan nan
nan nan nan
nan nan nan
nan nan nan
nan nan nan
nan nan nan
nan nan nan
nan nan nan
nan nan nan
nan nan nan
nan nan nan
nan nan nan
nan nan nan
nan nan nan
nan nan nan
nan nan nan
nan nan nan
nan nan nan
nan nan nan
nan nan nan
nan nan nan
nan nan nan
nan nan nan
nan nan nan
nan nan nan
nan nan nan
nan nan nan
nan nan nan
nan nan nan
nan nan nan
nan nan nan
nan nan nan
nan nan nan
nan nan nan
nan nan nan
nan nan nan
nan nan nan
nan nan nan
nan nan nan
nan nan nan
nan nan nan
nan nan nan
nan nan nan
nan nan nan
nan nan nan
nan nan nan
nan nan nan
nan nan nan
nan nan nan
nan nan nan
nan nan nan
nan nan nan
nan nan nan
nan nan nan
nan nan nan
nan nan nan
nan nan nan
nan nan nan
nan nan nan
nan nan nan
nan nan nan
nan nan nan
nan nan nan
nan nan nan
nan nan nan
nan nan nan
