# X Y Z
9.879565341909003706e+00 -9.540485340512210033e-03 6.392125259223311318e-01
9.779565827654799648e+00 -9.545136503794553889e-03 6.395241784364695814e-01
9.679566313456895443e+00 -9.549787683304182886e-03 6.398358490149441691e-01
9.579566799317113635e+00 -9.554438879806937540e-03 6.401475382416115245e-01
9.479567285237360252e+00 -9.559090094114508843e-03 6.404592467262220090e-01
9.379567771219624817e+00 -9.563741327087812300e-03 6.407709751059001979e-01
9.279568257265987441e+00 -9.568392579640656870e-03 6.410827240467307231e-01
9.179568743378625939e+00 -9.573043852743752177e-03 6.413944942454585796e-01
9.079569229559817600e+00 -9.577695147429078279e-03 6.417062864313133330e-01
8.979569715811948072e+00 -9.582346464794647481e-03 6.420181013679685522e-01
8.879570202137518464e+00 -9.586997806009734530e-03 6.423299398556487905e-01
8.779570688539150680e+00 -9.591649172320602934e-03 6.426418027333969940e-01
8.679571175019596296e+00 -9.596300565056729154e-03 6.429536908815181029e-01
8.579571661581745445e+00 -9.600951985637684247e-03 6.432656052242150535e-01
8.479572148228633921e+00 -9.605603435580723284e-03 6.435775467324350574e-01
8.379572634963452060e+00 -9.610254916509099882e-03 6.438895164269474725e-01
8.279573121789560730e+00 -9.614906430161251558e-03 6.442015153816756934e-01
8.179573608710494881e+00 -9.619557978400940929e-03 6.445135447273090401e-01
8.079574095729983085e+00 -9.624209563228493247e-03 6.448256056552232884e-01
7.979574582851955533e+00 -9.628861186793215288e-03 6.451376994217415950e-01
7.879575070080560906e+00 -9.633512851407181193e-03 6.454498273527726759e-01
7.779575557420183252e+00 -9.638164559560621208e-03 6.457619908488666516e-01
7.679576044875458862e+00 -9.642816313939022582e-03 6.460741913907345202e-01
7.579576532451294035e+00 -9.647468117442194180e-03 6.463864305452838854e-01
7.479577020152886391e+00 -9.652119973205610520e-03 6.466987099722298904e-01
7.379577507985748852e+00 -9.656771884624324939e-03 6.470110314313480826e-01
7.279577995955733627e+00 -9.661423855379802292e-03 6.473233967904465924e-01
7.179578484069060629e+00 -9.666075889470129162e-03 6.476358080341447776e-01
7.079578972332347675e+00 -9.670727991244038729e-03 6.479482672735580318e-01
6.979579460752644238e+00 -9.675380165439366117e-03 6.482607767570043311e-01
6.879579949337468747e+00 -9.680032417226622915e-03 6.485733388818649692e-01
6.779580438094850336e+00 -9.684684752258455875e-03 6.488859562077516907e-01
6.679580927033376803e+00 -9.689337176725917877e-03 6.491986314711573058e-01
6.579581416162244345e+00 -9.693989697422612795e-03 6.495113676017956195e-01
6.479581905491316185e+00 -9.698642321818157566e-03 6.498241677408688188e-01
6.379582395031187403e+00 -9.703295058142359653e-03 6.501370352615418735e-01
6.279582884793257769e+00 -9.707947915482031953e-03 6.504499737919513525e-01
6.179583374789814343e+00 -9.712600903892648282e-03 6.507629872411327954e-01
6.079583865034122958e+00 -9.717254034527464043e-03 6.510760798283201645e-01
5.979584355540536578e+00 -9.721907319787295720e-03 6.513892561161548356e-01
5.879584846324613423e+00 -9.726560773494881407e-03 6.517025210484410636e-01
5.779585337403253753e+00 -9.731214411098421113e-03 6.520158799932080917e-01
5.679585828794857960e+00 -9.735868249909768180e-03 6.523293387919889552e-01
5.579586320519505982e+00 -9.740522309384465685e-03 6.526429038164088814e-01
5.479586812599165135e+00 -9.745176611452159229e-03 6.529565820334011228e-01
5.379587305057931701e+00 -9.749831180907442274e-03 6.532703810806462785e-01
5.279587797922311587e+00 -9.754486045874184372e-03 6.535843093541773285e-01
5.179588291221545404e+00 -9.759141238359263573e-03 6.538983761105213732e-01
5.079588784987991268e+00 -9.763796794915456309e-03 6.542125915862878616e-01
4.979589279257576884e+00 -9.768452757438301701e-03 6.545269671387902166e-01
4.879589774070333341e+00 -9.773109174127851337e-03 6.548415154121431936e-01
4.779590269471028385e+00 -9.777766100654753864e-03 6.551562505343631049e-01
4.679590765509922257e+00 -9.782423601580268399e-03 6.554711883523858251e-01
4.579591262243677185e+00 -9.787081752093021100e-03 6.557863467136956226e-01
4.479591759736455181e+00 -9.791740640143995270e-03 6.561017458055514728e-01
4.379592258061248522e+00 -9.796400369083725634e-03 6.564174085657735747e-01
4.279592757301502459e+00 -9.801061060935836039e-03 6.567333611829364592e-01
4.179593257553110064e+00 -9.805722860482458947e-03 6.570496337089104522e-01
4.079593758926878699e+00 -9.810385940389869733e-03 6.573662608134198670e-01
3.979594261551593348e+00 -9.815050507675801214e-03 6.576832827192293784e-01
3.879594765577851323e+00 -9.819716811916939098e-03 6.580007463685295654e-01
3.779595271182900618e+00 -9.824385155726849533e-03 6.583187068871947378e-01
3.679595778576782550e+00 -9.829055908216225920e-03 6.586372294354259083e-01
3.579596288010193472e+00 -9.833729522396092784e-03 6.589563915631259094e-01
3.479596799784630878e+00 -9.838406557829531759e-03 6.592762862294082593e-01
3.379597314265595287e+00 -9.843087710319796402e-03 6.595970257025963734e-01
3.279597831899927485e+00 -9.847773851103811329e-03 6.599187466367112398e-01
3.179598353238793695e+00 -9.852466078982468831e-03 6.602416167327647134e-01
3.079598878968474285e+00 -9.857165790201937935e-03 6.605658435529790928e-01
2.979599409952060629e+00 -9.861874772896229296e-03 6.608916862854977703e-01
2.879599947286596073e+00 -9.866595335812586645e-03 6.612194715897653507e-01
2.779600492382402699e+00 -9.871330485325730333e-03 6.615496151397716185e-01
2.679601047074775089e+00 -9.876084171122680513e-03 6.618826512029503117e-01
2.579601613783724101e+00 -9.880861630523327457e-03 6.622192736705830862e-01
2.479602195746449578e+00 -9.885669875975673648e-03 6.625603935873408679e-01
2.379602797362312394e+00 -9.890518392704722092e-03 6.629072207284706364e-01
2.279603424716124760e+00 -9.895420148503279376e-03 6.632613806578907534e-01
2.179604086391964568e+00 -9.900393073100031624e-03 6.636250848247320366e-01
2.079604794775159693e+00 -9.905462253916200860e-03 6.640013810731095756e-01
1.979605568203406163e+00 -9.910663242184630101e-03 6.643945279868679332e-01
1.879606434653008584e+00 -9.916047112299245306e-03 6.648105633537790826e-01
1.779607438322333479e+00 -9.921688353824946460e-03 6.652581834018465035e-01
1.769607547949027859e+00 -9.922269400407489337e-03 6.653050036444004833e-01
1.759607659698824156e+00 -9.922854192700988896e-03 6.653522750815968889e-01
1.749607773668569788e+00 -9.923442870500938026e-03 6.654000137334651344e-01
1.739607889960534504e+00 -9.924035579530535861e-03 6.654482362785000271e-01
1.729608008682769649e+00 -9.924632471726342955e-03 6.654969600844590216e-01
1.719608129949494080e+00 -9.925233705539823065e-03 6.655462032408075990e-01
1.709608253881510498e+00 -9.925839446255871334e-03 6.655959845929158014e-01
1.699608380606653535e+00 -9.926449866329394023e-03 6.656463237781166109e-01
1.689608510260272700e+00 -9.927065145741219981e-03 6.656972412637450764e-01
1.679608642985754408e+00 -9.927685472374755959e-03 6.657487583872863102e-01
1.669608778935084414e+00 -9.928311042414721468e-03 6.658008973987699086e-01
1.659608918269456002e+00 -9.928942060769409966e-03 6.658536815055603464e-01
1.649609061159928114e+00 -9.929578741518597929e-03 6.659071349197037692e-01
1.639609207788136791e+00 -9.930221308388397644e-03 6.659612829080040486e-01
1.629609358347065218e+00 -9.930869995255355714e-03 6.660161518450177232e-01
1.619609513041879056e+00 -9.931525046682258828e-03 6.660717692691696667e-01
1.609609672090832166e+00 -9.932186718487447455e-03 6.661281639422110823e-01
1.599609835726248708e+00 -9.932855278350452913e-03 6.661853659122600746e-01
1.589610004195590953e+00 -9.933531006457175724e-03 6.662434065806837058e-01
1.579610177762619916e+00 -9.934214196187382551e-03 6.663023187731063057e-01
1.569610356708657450e+00 -9.934905154847687575e-03 6.663621368148523461e-01
1.559610541333961597e+00 -9.935604204454483515e-03 6.664228966111608310e-01
1.549610731959225163e+00 -9.936311682570623041e-03 6.664846357325391324e-01
1.539610928927210409e+00 -9.937027943199918528e-03 6.665473935056579480e-01
1.529611132604534518e+00 -9.937753357745035543e-03 6.666112111102281412e-01
1.519611343383621360e+00 -9.938488316034268730e-03 6.666761316823425210e-01
1.509611561684836678e+00 -9.939233227423047851e-03 6.667422004248111378e-01
1.499611787958826215e+00 -9.939988521977081645e-03 6.668094647250726315e-01
1.489612022689079662e+00 -9.940754651744333412e-03 6.668779742813223388e-01
1.479612266394745079e+00 -9.941532092124342329e-03 6.669477812375623760e-01
1.469612519633721304e+00 -9.942321343344209458e-03 6.670189403283510732e-01
1.459612783006059233e+00 -9.943122932051046137e-03 6.670915090341116294e-01
1.449613057157708162e+00 -9.943937413032108430e-03 6.671655477479500052e-01
1.439613342784647143e+00 -9.944765371075381735e-03 6.672411199550328798e-01
1.429613640637446226e+00 -9.945607422985133436e-03 6.673182924256927384e-01
1.419613951526308870e+00 -9.946464219767253354e-03 6.673971354235538334e-01
1.409614276326653703e+00 -9.947336449002027597e-03 6.674777229301150916e-01
1.399614615985301791e+00 -9.948224837424662903e-03 6.675601328873909113e-01
1.389614971527345144e+00 -9.949130153734313947e-03 6.676444474603914214e-01
1.379615344063781945e+00 -9.950053211656163452e-03 6.677307533214275059e-01
1.369615734800017526e+00 -9.950994873284881373e-03 6.678191419584594835e-01
1.359616145045343005e+00 -9.951956052740126152e-03 6.679097100099683493e-01
1.349616576223521269e+00 -9.952937720167729513e-03 6.680025596291236933e-01
1.339617029884629718e+00 -9.953940906125955182e-03 6.680977988803562528e-01
1.329617507718330094e+00 -9.954966706401406976e-03 6.681955421718207555e-01
1.319618011568763682e+00 -9.956016287302386567e-03 6.682959107276623678e-01
1.309618543451301242e+00 -9.957090891486391690e-03 6.683990331044863398e-01
1.299619105571411914e+00 -9.958191844384612496e-03 6.685050457569807758e-01
1.289619700345960185e+00 -9.959320561294421337e-03 6.686140936582680716e-01
1.279620330427290620e+00 -9.960478555220281249e-03 6.687263309812712109e-01
1.269620998730517591e+00 -9.961667445551977695e-03 6.688419218481936879e-01
1.259621708464509604e+00 -9.962888967685039343e-03 6.689610411561321968e-01
1.249622463167143760e+00 -9.964144983700353245e-03 6.690838754878919437e-01
1.239623266745502939e+00 -9.965437494232634585e-03 6.692106241182774751e-01
1.229624123521809720e+00 -9.966768651680829941e-03 6.693415001274999332e-01
1.219625038286033636e+00 -9.968140774931090117e-03 6.694767316349091724e-01
1.209626016356278422e+00 -9.969556365785061172e-03 6.696165631680527364e-01
1.199627063648264214e+00 -9.971018127315085453e-03 6.697612571841186080e-01
1.189628186755464556e+00 -9.972528984399285645e-03 6.699110957631727592e-01
1.179629393041759178e+00 -9.974092106723824597e-03 6.700663824953038139e-01
1.169630690748824309e+00 -9.975710934581275696e-03 6.702274445868972030e-01
1.159632089120921972e+00 -9.977389207839948079e-03 6.703946352148312249e-01
1.149633598550284797e+00 -9.979130998512645082e-03 6.705683361614990234e-01
1.139635230746943728e+00 -9.980940747418167933e-03 6.707489607683065902e-01
1.129636998937644465e+00 -9.982823305497141517e-03 6.709369572507715151e-01
1.119638918099476577e+00 -9.984783980431542055e-03 6.711328124246705995e-01
1.109641005235041167e+00 -9.986828589307154835e-03 6.713370559000081395e-01
1.099643279697469112e+00 -9.988963518171047745e-03 6.715502648080570181e-01
1.089645763575438187e+00 -9.991195789471718491e-03 6.717730691365738638e-01
1.079648482150613376e+00 -9.993533138513262248e-03 6.720061577597251645e-01
1.069651464442771926e+00 -9.995984100227426478e-03 6.722502852625724667e-01
1.059654743861415671e+00 -9.998558107772269679e-03 6.725062796754789352e-01
1.049658358987103801e+00 -1.000126560470848171e-02 6.727750512519043991e-01
1.039662354511306841e+00 -1.000411817277555536e-02 6.730576024442296301e-01
1.029666782370600941e+00 -1.000712867760822182e-02 6.733550392570190057e-01
1.019671703119892525e+00 -1.001031143512872562e-02 6.736685841861821400e-01
1.009677187600613868e+00 -1.001368240178590607e-02 6.739995909865899026e-01
9.996833189741506365e-01 -1.001725939232772124e-02 6.743495615507612007e-01
9.896901952090479959e-01 -1.002106232942197479e-02 6.747201652283629780e-01
9.796979321339643887e-01 -1.002511353016139264e-02 6.751132609717240829e-01
9.697066671984536645e-01 -1.002943803533482697e-02 6.755309227578220055e-01
9.597165641224899568e-01 -1.003406398835490938e-02 6.759754688139831824e-01
9.497278186658943966e-01 -1.003902307190065492e-02 6.764494952647209791e-01
9.397406658140423641e-01 -1.004435101172593964e-02 6.769559149227822870e-01
9.297553887611397228e-01 -1.005008815869062877e-02 6.774980020707079831e-01
9.197723301832092524e-01 -1.005628016193406069e-02 6.780794442219865159e-01
9.097919064380161069e-01 -1.006297874825791763e-02 6.787044020146594248e-01
8.998146255194359178e-01 -1.007024262522018820e-02 6.793775785751043905e-01
8.898411098436592725e-01 -1.007813852812592184e-02 6.801042998935968864e-01
8.798721252729835296e-01 -1.008674243394929240e-02 6.808906079694867497e-01
8.699086182140949308e-01 -1.009614096808260884e-02 6.817433686983382923e-01
8.689126009243370863e-01 -1.009712734556223596e-02 6.818325227534307587e-01
8.679166510240435839e-01 -1.009812274538071653e-02 6.819224263799363861e-01
8.669207698540430940e-01 -1.009912727504203717e-02 6.820130880567968346e-01
8.659249587850842422e-01 -1.010014104350005076e-02 6.821045163748464812e-01
8.649292192185620287e-01 -1.010116416117923591e-02 6.821967200384040364e-01
8.639335525872631205e-01 -1.010219673999584317e-02 6.822897078668863635e-01
8.629379603561303513e-01 -1.010323889337918710e-02 6.823834887964441709e-01
8.619424440230469830e-01 -1.010429073629334068e-02 6.824780718816209069e-01
8.609470051196412843e-01 -1.010535238525922010e-02 6.825734662970339706e-01
8.599516452121119814e-01 -1.010642395837661051e-02 6.826696813390785712e-01
8.589563659020749142e-01 -1.010750557534682327e-02 6.827667264276554571e-01
8.579611688274314529e-01 -1.010859735749567931e-02 6.828646111079210712e-01
8.569660556632598958e-01 -1.010969942779661387e-02 6.829633450520614657e-01
8.559710281227298490e-01 -1.011081191089420808e-02 6.830629380610901968e-01
8.549760879580398099e-01 -1.011193493312789043e-02 6.831634000666697570e-01
8.539812369613798415e-01 -1.011306862255620213e-02 6.832647411329566545e-01
8.529864769659188939e-01 -1.011421310898120290e-02 6.833669714584706956e-01
8.519918098468174383e-01 -1.011536852397313876e-02 6.834701013779890255e-01
8.509972375222671914e-01 -1.011653500089555215e-02 6.835741413644640385e-01
8.500027619545573732e-01 -1.011771267493076672e-02 6.836791020309656020e-01
8.490083851511684987e-01 -1.011890168310562894e-02 6.837849941326479275e-01
8.480141091658950359e-01 -1.012010216431739017e-02 6.838918285687413112e-01
8.470199360999972615e-01 -1.012131425936018368e-02 6.839996163845685206e-01
8.460258681033830941e-01 -1.012253811095183316e-02 6.841083687735857177e-01
8.450319073758202348e-01 -1.012377386376082412e-02 6.842180970794485839e-01
8.440380561681802840e-01 -1.012502166443348187e-02 6.843288127981026481e-01
8.430443167837154972e-01 -1.012628166162185539e-02 6.844405275798989274e-01
8.420506915793679603e-01 -1.012755400601174881e-02 6.845532532317343266e-01
8.410571829671135147e-01 -1.012883885035101295e-02 6.846670017192165725e-01
8.400637934153405428e-01 -1.013013634947823940e-02 6.847817851688542401e-01
8.390705254502643928e-01 -1.013144666035172177e-02 6.848976158702709816e-01
8.380773816573786617e-01 -1.013276994207881754e-02 6.850145062784447347e-01
8.370843646829444484e-01 -1.013410635594556332e-02 6.851324690159708020e-01
8.360914772355180213e-01 -1.013545606544672198e-02 6.852515168753494645e-01
8.350987220875181194e-01 -1.013681923631601714e-02 6.853716628212979112e-01
8.341061020768343326e-01 -1.013819603655679094e-02 6.854929199930852590e-01
8.331136201084767823e-01 -1.013958663647288559e-02 6.856153017068916666e-01
8.321212791562686562e-01 -1.014099120869989962e-02 6.857388214581905395e-01
8.311290822645827081e-01 -1.014240992823668003e-02 6.858634929241534950e-01
8.301370325501228331e-01 -1.014384297247709205e-02 6.859893299660783095e-01
8.291451332037511612e-01 -1.014529052124236302e-02 6.861163466318387361e-01
8.281533874923625582e-01 -1.014675275681353912e-02 6.862445571583559722e-01
8.271617987608077538e-01 -1.014822986396397494e-02 6.863739759740913327e-01
8.261703704338657639e-01 -1.014972202999255176e-02 6.865046177015596829e-01
8.251791060182670501e-01 -1.015122944475677774e-02 6.866364971598627465e-01
8.241880091047685264e-01 -1.015275230070635491e-02 6.867696293672417296e-01
8.231970833702818569e-01 -1.015429079291717274e-02 6.869040295436490418e-01
8.222063325800562650e-01 -1.015584511912510056e-02 6.870397131133374469e-01
8.212157605899169655e-01 -1.015741547976026747e-02 6.871766957074662008e-01
8.202253713485607722e-01 -1.015900207798156249e-02 6.873149931667239532e-01
8.192351688999101045e-01 -1.016060511971128393e-02 6.874546215439663044e-01
8.182451573855267224e-01 -1.016222481367016692e-02 6.875955971068673511e-01
8.172553410470864144e-01 -1.016386137141253934e-02 6.877379363405847768e-01
8.162657242289161896e-01 -1.016551500736134414e-02 6.878816559504367101e-01
8.152763113805955308e-01 -1.016718593884358320e-02 6.880267728645885761e-01
8.142871070596229277e-01 -1.016887438612583405e-02 6.881733042367492725e-01
8.132981159341491351e-01 -1.017058057244994533e-02 6.883212674488754512e-01
8.123093427857783766e-01 -1.017230472406879631e-02 6.884706801138816834e-01
8.113207925124393816e-01 -1.017404707028205478e-02 6.886215600783549551e-01
8.103324701313278089e-01 -1.017580784347207543e-02 6.887739254252717158e-01
8.093443807819208358e-01 -1.017758727913980685e-02 6.889277944767162598e-01
8.083565297290661311e-01 -1.017938561594063096e-02 6.890831857965975527e-01
8.073689223661461023e-01 -1.018120309572027524e-02 6.892401181933626164e-01
8.063815642183195243e-01 -1.018303996355066597e-02 6.893986107227049187e-01
8.053944609458417725e-01 -1.018489646776559940e-02 6.895586826902641020e-01
8.044076183474647701e-01 -1.018677285999640240e-02 6.897203536543154989e-01
8.034210423639188692e-01 -1.018866939520731568e-02 6.898836434284471020e-01
8.024347390814775549e-01 -1.019058633173093066e-02 6.900485720842201021e-01
8.014487147356070817e-01 -1.019252393130318929e-02 6.902151599538102200e-01
8.004629757147015967e-01 -1.019448245909811840e-02 6.903834276326274999e-01
7.994775285639059703e-01 -1.019646218376248255e-02 6.905533959819110112e-01
7.984923799890275564e-01 -1.019846337744987307e-02 6.907250861312941304e-01
7.975075368605381021e-01 -1.020048631585448139e-02 6.908985194813379582e-01
7.965230062176676951e-01 -1.020253127824411257e-02 6.910737177060283232e-01
7.955387952725910816e-01 -1.020459854749316241e-02 6.912507027552322603e-01
7.945549114147085756e-01 -1.020668841011525968e-02 6.914294968571101929e-01
7.935713622150228908e-01 -1.020880115629461092e-02 6.916101225204785985e-01
7.925881554306120069e-01 -1.021093707991682295e-02 6.917926025371194942e-01
7.916052990092002917e-01 -1.021309647859931780e-02 6.919769599840313035e-01
7.906228010938286532e-01 -1.021527965372069809e-02 6.921632182256154397e-01
7.896406700276245028e-01 -1.021748691044938907e-02 6.923514009157943905e-01
7.886589143586727468e-01 -1.021971855777123461e-02 6.925415320000546382e-01
7.876775428449881433e-01 -1.022197490851604537e-02 6.927336357174088688e-01
7.866965644595904639e-01 -1.022425627938342713e-02 6.929277366022716933e-01
7.857159883956826851e-01 -1.022656299096698189e-02 6.931238594862415558e-01
7.847358240719326528e-01 -1.022889536777734677e-02 6.933220294997829436e-01
7.837560811378584402e-01 -1.023125373826401334e-02 6.935222720738015711e-01
7.827767694793185127e-01 -1.023363843483552325e-02 6.937246129411052120e-01
7.817978992241058078e-01 -1.023604979387816340e-02 6.939290781377421835e-01
7.808194807476459554e-01 -1.023848815577317779e-02 6.941356940042101575e-01
7.798415246787998578e-01 -1.024095386491217369e-02 6.943444871865267487e-01
7.788640419057695219e-01 -1.024344726971037137e-02 6.945554846371529978e-01
7.778870435821066964e-01 -1.024596872261808109e-02 6.947687136157615351e-01
7.769105411328236510e-01 -1.024851858013031171e-02 6.949842016898390984e-01
7.759345462606053179e-01 -1.025109720279372173e-02 6.952019767351145241e-01
7.749590709521203546e-01 -1.025370495521156500e-02 6.954220669358022189e-01
7.739841274844303509e-01 -1.025634220604610888e-02 6.956445007846505657e-01
7.730097284314954020e-01 -1.025900932801794389e-02 6.958693070827837168e-01
7.720358866707733858e-01 -1.026170669790287850e-02 6.960965149393267826e-01
7.710626153899103885e-01 -1.026443469652624577e-02 6.963261537708032023e-01
7.700899280935196156e-01 -1.026719370875361741e-02 6.965582533002908638e-01
7.691178386100454567e-01 -1.026998412347862079e-02 6.967928435563263134e-01
7.681463610987092627e-01 -1.027280633360702286e-02 6.970299548715434002e-01
7.671755100565323948e-01 -1.027566073603746605e-02 6.972696178810332546e-01
7.662053003254318817e-01 -1.027854773163844847e-02 6.975118635204129447e-01
7.652357470993845778e-01 -1.028146772522122582e-02 6.977567230235892648e-01
7.642668659316538271e-01 -1.028442112550887952e-02 6.980042279202023359e-01
7.632986727420723039e-01 -1.028740834510104112e-02 6.982544100327351400e-01
7.623311838243752581e-01 -1.029042980043411160e-02 6.985073014732746666e-01
7.613644158535766149e-01 -1.029348591173638930e-02 6.987629346399080177e-01
7.603983858933802686e-01 -1.029657710297877081e-02 6.990213422127391496e-01
7.594331114036185770e-01 -1.029970380182032227e-02 6.992825571495108194e-01
7.584686102477090630e-01 -1.030286643954851991e-02 6.995466126808140839e-01
7.575049007001194434e-01 -1.030606545101408165e-02 6.998135423048694737e-01
7.565420014538308813e-01 -1.030930127455960930e-02 7.000833797818637461e-01
7.555799316277882482e-01 -1.031257435194251823e-02 7.003561591278248954e-01
7.546187107743256295e-01 -1.031588512825222861e-02 7.006319146080177696e-01
7.536583588865549688e-01 -1.031923405182028942e-02 7.009106807298437491e-01
7.526988964057035325e-01 -1.032262157412416025e-02 7.011924922352269496e-01
7.517403442283862036e-01 -1.032604814968408891e-02 7.014773840924685144e-01
7.507827237137980614e-01 -1.032951423595306062e-02 7.017653914875529031e-01
7.498260566908104829e-01 -1.033302029319957925e-02 7.020565498148870764e-01
7.488703654649536690e-01 -1.033656678438227457e-02 7.023508946674553721e-01
7.479156728252686070e-01 -1.034015417501681772e-02 7.026484618263739712e-01
7.469620020510087111e-01 -1.034378293303538435e-02 7.029492872498255274e-01
7.460093769181713741e-01 -1.034745352863740420e-02 7.032534070613584154e-01
7.450578217058392294e-01 -1.035116643413211239e-02 7.035608575375332796e-01
7.441073612023082484e-01 -1.035492212377268385e-02 7.038716750949000067e-01
7.431580207109803604e-01 -1.035872107358055440e-02 7.041858962762903573e-01
7.422098260559970573e-01 -1.036256376116145156e-02 7.045035577364100465e-01
7.412628035875880039e-01 -1.036645066551164680e-02 7.048246962267151750e-01
7.403169801871090083e-01 -1.037038226681513166e-02 7.051493485795590210e-01
7.393723832717429278e-01 -1.037435904623148011e-02 7.054775516915970934e-01
7.384290407988349791e-01 -1.037838148567276839e-02 7.058093425064367876e-01
7.374869812698331417e-01 -1.038245006757118616e-02 7.061447579965203225e-01
7.365462337338043453e-01 -1.038656527463690388e-02 7.064838351442318531e-01
7.356068277904950214e-01 -1.039072758960487772e-02 7.068266109222197668e-01
7.346687935929042679e-01 -1.039493749497209969e-02 7.071731222729251698e-01
7.337321618493369835e-01 -1.039919547272433013e-02 7.075234060873125674e-01
7.327969638249031137e-01 -1.040350200405128211e-02 7.078774991827972984e-01
7.318632313424299207e-01 -1.040785756905255460e-02 7.082354382803675019e-01
7.309309967827510857e-01 -1.041226264643283807e-02 7.085972599809010619e-01
7.300002930843370041e-01 -1.041671771318566225e-02 7.089630007406768630e-01
7.290711537422319699e-01 -1.042122324426757174e-02 7.093326968460861304e-01
7.281436128062600543e-01 -1.042577971226169541e-02 7.097063843875492939e-01
7.272177048784638220e-01 -1.043038758703083296e-02 7.100840992326467038e-01
7.262934651097391336e-01 -1.043504733536089815e-02 7.104658769984751876e-01
7.253709291956282890e-01 -1.043975942059334992e-02 7.108517530232435488e-01
7.253709291956282890e-01 -1.043975942059334992e-02 7.108517530232435488e-01
7.253126958049070927e-01 -1.044006004291077316e-02 7.108763495198967552e-01
7.252001109663072098e-01 -1.044064930692210902e-02 7.109244588181816704e-01
7.252001109663072098e-01 -1.044064930692210902e-02 7.109244588181816704e-01
7.251272195602778137e-01 -1.044103729567211376e-02 7.109560541216221052e-01
7.251272195602778137e-01 -1.044103729567211376e-02 7.109560541216221052e-01
7.250584932081870493e-01 -1.044140852574257199e-02 7.109862233120838315e-01
7.250584932081870493e-01 -1.044140852574257199e-02 7.109862233120838315e-01
7.249958966488311285e-01 -1.044175172257865575e-02 7.110140591733946636e-01
7.249958966488311285e-01 -1.044175172257865575e-02 7.110140591733946636e-01
7.249379032537234258e-01 -1.044207443854664255e-02 7.110401829160287734e-01
7.249379032537234258e-01 -1.044207443854664255e-02 7.110401829160287734e-01
7.248837295820286242e-01 -1.044238030234968459e-02 7.110649022327175661e-01
7.248837295820286242e-01 -1.044238030234968459e-02 7.110649022327175661e-01
7.248327151928211087e-01 -1.044267245924911103e-02 7.110884803685526556e-01
7.248327151928211087e-01 -1.044267245924911103e-02 7.110884803685526556e-01
7.247844337936750758e-01 -1.044295292171340019e-02 7.111110820533365073e-01
7.247844337936750758e-01 -1.044295292171340019e-02 7.111110820533365073e-01
7.247385339145807626e-01 -1.044322331478458009e-02 7.111328435818525806e-01
7.247385339145807626e-01 -1.044322331478458009e-02 7.111328435818525806e-01
7.246947169174569048e-01 -1.044348508237754464e-02 7.111538817060782947e-01
7.246947169174569048e-01 -1.044348508237754464e-02 7.111538817060782947e-01
7.246527545786727309e-01 -1.044373933515545250e-02 7.111742837985526311e-01
7.246527545786727309e-01 -1.044373933515545250e-02 7.111742837985526311e-01
7.246124379981200292e-01 -1.044398708008134960e-02 7.111941317283202446e-01
7.246124379981200292e-01 -1.044398708008134960e-02 7.111941317283202446e-01
7.245736224596369679e-01 -1.044422894508846393e-02 7.112134791274042911e-01
7.245736224596369679e-01 -1.044422894508846393e-02 7.112134791274042911e-01
7.245361440917809093e-01 -1.044446574120358462e-02 7.112323917154910191e-01
7.245361440917809093e-01 -1.044446574120358462e-02 7.112323917154910191e-01
7.244999173198382048e-01 -1.044469785471984283e-02 7.112508980270608738e-01
7.244999173198382048e-01 -1.044469785471984283e-02 7.112508980270608738e-01
7.244648275289559125e-01 -1.044492579620086639e-02 7.112690429679812132e-01
7.244648275289559125e-01 -1.044492579620086639e-02 7.112690429679812132e-01
7.244307736311731416e-01 -1.044514999419382528e-02 7.112868664476025282e-01
7.244307736311731416e-01 -1.044514999419382528e-02 7.112868664476025282e-01
7.243976850986517668e-01 -1.044537073221795537e-02 7.113043940892901373e-01
7.243976850986517668e-01 -1.044537073221795537e-02 7.113043940892901373e-01
7.243654777683995460e-01 -1.044558844003327588e-02 7.113216600704918013e-01
7.243654777683995460e-01 -1.044558844003327588e-02 7.113216600704918013e-01
7.243341173476941508e-01 -1.044580324898237468e-02 7.113386729488245797e-01
7.243341173476941508e-01 -1.044580324898237468e-02 7.113386729488245797e-01
7.243035421739754121e-01 -1.044601542772909987e-02 7.113554568036938308e-01
7.243035421739754121e-01 -1.044601542772909987e-02 7.113554568036938308e-01
7.242736970372769534e-01 -1.044622519150216478e-02 7.113720333154337494e-01
7.242736970372769534e-01 -1.044622519150216478e-02 7.113720333154337494e-01
7.242445330282296645e-01 -1.044643279956550090e-02 7.113884216584900333e-01
7.242445330282296645e-01 -1.044643279956550090e-02 7.113884216584900333e-01
7.242160058434601311e-01 -1.044663848390126569e-02 7.114046392750821290e-01
7.242160058434601311e-01 -1.044663848390126569e-02 7.114046392750821290e-01
7.241880931738716720e-01 -1.044684226522298726e-02 7.114206917443496314e-01
7.241880931738716720e-01 -1.044684226522298726e-02 7.114206917443496314e-01
7.241607565663581436e-01 -1.044704431790168496e-02 7.114365944220364391e-01
7.241607565663581436e-01 -1.044704431790168496e-02 7.114365944220364391e-01
7.241339682247268650e-01 -1.044724478985547926e-02 7.114523571294003590e-01
7.241339682247268650e-01 -1.044724478985547926e-02 7.114523571294003590e-01
7.241077024172285492e-01 -1.044744381498811242e-02 7.114679888914648975e-01
7.241077024172285492e-01 -1.044744381498811242e-02 7.114679888914648975e-01
7.240819252063249722e-01 -1.044764155733135871e-02 7.114835041720445341e-01
7.240313777575786425e-01 -1.044803656092012367e-02 7.115144479923918297e-01
7.240313777575786425e-01 -1.044803656092012367e-02 7.115144479923918297e-01
7.240071933356054812e-01 -1.044822903412087264e-02 7.115295030213802940e-01
7.239597356927711669e-01 -1.044861358481128863e-02 7.115595371937729618e-01
7.239597356927711669e-01 -1.044861358481128863e-02 7.115595371937729618e-01
7.239366631319537060e-01 -1.044880391082163296e-02 7.115743802522508377e-01
7.238913703742414496e-01 -1.044918416393935540e-02 7.116039963709080984e-01
7.238913703742414496e-01 -1.044918416393935540e-02 7.116039963709080984e-01
7.238692811578278929e-01 -1.044937290606788062e-02 7.116186758189377848e-01
7.238259056501062938e-01 -1.044975007994832297e-02 7.116479684460270683e-01
7.238259056501062938e-01 -1.044975007994832297e-02 7.116479684460270683e-01
7.238046888495845987e-01 -1.044993780044068017e-02 7.116625277036293662e-01
7.237630166564660295e-01 -1.045031291033860464e-02 7.116915821610422244e-01
7.237630166564660295e-01 -1.045031291033860464e-02 7.116915821610422244e-01
7.237425811068937120e-01 -1.045050003928701607e-02 7.117060573446059024e-01
7.237024360585121441e-01 -1.045087402452756983e-02 7.117349444842652195e-01
7.237024360585121441e-01 -1.045087402452756983e-02 7.117349444842652195e-01
7.236827002048147328e-01 -1.045106104218726517e-02 7.117493700098396214e-01
7.236439246141694870e-01 -1.045143467929789474e-02 7.117781576141253286e-01
7.236439246141694870e-01 -1.045143467929789474e-02 7.117781576141253286e-01
7.236248238774264374e-01 -1.045162182154688729e-02 7.117925601642219879e-01
7.235872926348307921e-01 -1.045199567344043227e-02 7.118213006181584035e-01
7.235872926348307921e-01 -1.045199567344043227e-02 7.118213006181584035e-01
7.235687542676583206e-01 -1.045218340216022557e-02 7.118357171162277286e-01
7.235323265127199255e-01 -1.045255838454567723e-02 7.118644833744105505e-01
7.235323265127199255e-01 -1.045255838454567723e-02 7.118644833744105505e-01
7.235143074446439559e-01 -1.045274691656110193e-02 7.118789319018143935e-01
7.234788995721125326e-01 -1.045312342068692446e-02 7.119077594624155791e-01
7.234788995721125326e-01 -1.045312342068692446e-02 7.119077594624155791e-01
7.234613519372797841e-01 -1.045331304602497083e-02 7.119222646860783321e-01
7.234268710677770331e-01 -1.045369166455387307e-02 7.119512021839591309e-01
7.234268710677770331e-01 -1.045369166455387307e-02 7.119512021839591309e-01
7.234097478176292340e-01 -1.045388269657774975e-02 7.119657913480759159e-01
7.233761026940029870e-01 -1.045426404599794114e-02 7.119948926047269255e-01
7.233761026940029870e-01 -1.045426404599794114e-02 7.119948926047269255e-01
7.233593646514572262e-01 -1.045445680545509064e-02 7.120095895405408326e-01
7.233264791545436223e-01 -1.045484159661011318e-02 7.120389014960037954e-01
7.233264791545436223e-01 -1.045484159661011318e-02 7.120389014960037954e-01
7.233100941780922222e-01 -1.045503637115368679e-02 7.120537264903313845e-01
7.232779058940478345e-01 -1.045542513444259330e-02 7.120832891521133856e-01
7.232779058940478345e-01 -1.045542513444259330e-02 7.120832891521133856e-01
7.232618404901048903e-01 -1.045562227267894315e-02 7.120982662227305360e-01
7.232302843338259679e-01 -1.045601559645823950e-02 7.121281268974003487e-01
7.232302843338259679e-01 -1.045601559645823950e-02 7.121281268974003487e-01
7.232145079856846515e-01 -1.045621533896197962e-02 7.121432798880704684e-01
7.231835247687292689e-01 -1.045661386699087668e-02 7.121734856286396909e-01
7.231835247687292689e-01 -1.045661386699087668e-02 7.121734856286396909e-01
7.231680082012745814e-01 -1.045681662203512378e-02 7.121888398363600547e-01
7.231375410273190862e-01 -1.045722102586782269e-02 7.122194403949483332e-01
7.231375410273190862e-01 -1.045722102586782269e-02 7.122194403949483332e-01
7.231222570574117325e-01 -1.045742709847529393e-02 7.122350216077074636e-01
7.230922532787464885e-01 -1.045783807488515592e-02 7.122660678311031335e-01
7.230922532787464885e-01 -1.045783807488515592e-02 7.122660678311031335e-01
7.230771770043848967e-01 -1.045804786603792697e-02 7.122819021209872981e-01
7.230475883236481272e-01 -1.045846614292650530e-02 7.123134452652641890e-01
7.230475883236481272e-01 -1.045846614292650530e-02 7.123134452652641890e-01
7.230326968168370172e-01 -1.045867999417591024e-02 7.123295591122278392e-01
7.230034787955610387e-01 -1.045910617105935171e-02 7.123616511861685652e-01
7.230034787955610387e-01 -1.045910617105935171e-02 7.123616511861685652e-01
7.229887472262637171e-01 -1.045932441326668377e-02 7.123780757169093647e-01
7.229598518329581891e-01 -1.045975922909036376e-02 7.124107778750080611e-01
7.229598518329581891e-01 -1.045975922909036376e-02 7.124107778750080611e-01
7.229452551270970639e-01 -1.045998236247938987e-02 7.124275473537989845e-01
7.229166339965309440e-01 -1.046042682281631692e-02 7.124609269295401059e-01
7.229166339965309440e-01 -1.046042682281631692e-02 7.124609269295401059e-01
7.229021436855063154e-01 -1.046065541962049039e-02 7.124780830033498047e-01
7.228737418969116701e-01 -1.046111057638234899e-02 7.125122217248345269e-01
7.228737418969116701e-01 -1.046111057638234899e-02 7.125122217248345269e-01
7.228593452524620933e-01 -1.046134494839471435e-02 7.125297905894283357e-01
7.228311383219235831e-01 -1.046181147666028211e-02 7.125647395760317249e-01
7.228311383219235831e-01 -1.046181147666028211e-02 7.125647395760317249e-01
7.228168044472346176e-01 -1.046205234135092789e-02 7.125827722834634503e-01
7.227887329566827779e-01 -1.046253162094518997e-02 7.126186315880114197e-01
7.227887329566827779e-01 -1.046253162094518997e-02 7.126186315880114197e-01
7.227744400849593909e-01 -1.046277958566171201e-02 7.126371720302264734e-01
7.227464623530585053e-01 -1.046327282186130039e-02 7.126740274359172345e-01
7.227464623530585053e-01 -1.046327282186130039e-02 7.126740274359172345e-01
7.227321829863920799e-01 -1.046352865326063107e-02 7.126931310689841315e-01
7.227042463575902298e-01 -1.046403731095641582e-02 7.127310909062748445e-01
7.227042463575902298e-01 -1.046403731095641582e-02 7.127310909062748445e-01
7.226899563498512258e-01 -1.046430175107791044e-02 7.127508132482878178e-01
7.226620147765733249e-01 -1.046482734460681477e-02 7.127899857523846139e-01
7.226620147765733249e-01 -1.046482734460681477e-02 7.127899857523846139e-01
7.226476747794006172e-01 -1.046510154540096320e-02 7.128104088583765430e-01
7.226196532394086880e-01 -1.046564625857983322e-02 7.128509541985089681e-01
7.226196532394086880e-01 -1.046564625857983322e-02 7.128509541985089681e-01
7.226052402627476390e-01 -1.046593112679134602e-02 7.128721436159971558e-01
7.225770952268195657e-01 -1.046649669584791449e-02 7.129141890394697922e-01
7.225770952268195657e-01 -1.046649669584791449e-02 7.129141890394697922e-01
7.225625678097353788e-01 -1.046679351799669790e-02 7.129362437879638303e-01
7.225342206329707917e-01 -1.046738249738280065e-02 7.129799818816727752e-01
7.225342206329707917e-01 -1.046738249738280065e-02 7.129799818816727752e-01
7.225195310481202782e-01 -1.046769289181352126e-02 7.130030199731414164e-01
7.224908915625311012e-01 -1.046830831633289993e-02 7.130486799879344195e-01
7.224908915625311012e-01 -1.046830831633289993e-02 7.130486799879344195e-01
7.224759948090894168e-01 -1.046863391198466116e-02 7.130728262933285766e-01
7.224469779909130640e-01 -1.046927913287674060e-02 7.131206497620751206e-01
7.224469779909130640e-01 -1.046927913287674060e-02 7.131206497620751206e-01
7.224318101747286835e-01 -1.046962231045292686e-02 7.131460715575000942e-01
7.224022959710663105e-01 -1.047030182885441869e-02 7.131963822176178303e-01
7.224022959710663105e-01 -1.047030182885441869e-02 7.131963822176178303e-01
7.223867751433706852e-01 -1.047066550189952594e-02 7.132232949527107513e-01
7.223566096051929897e-01 -1.047138491855173145e-02 7.132765088136712173e-01
7.223566096051929897e-01 -1.047138491855173145e-02 7.132765088136712173e-01
7.223406536587553273e-01 -1.047177228846472852e-02 7.133051491696187352e-01
7.223096834471999239e-01 -1.047253780337224598e-02 7.133617212952925168e-01
7.223096834471999239e-01 -1.047253780337224598e-02 7.133617212952925168e-01
7.222931665831868742e-01 -1.047295357399843571e-02 7.133924303810147416e-01
7.222611565321510607e-01 -1.047377422051215881e-02 7.134530156317299143e-01
7.222611565321510607e-01 -1.047377422051215881e-02 7.134530156317299143e-01
7.222439050669996474e-01 -1.047422476319652754e-02 7.134862615446837530e-01
7.222105323113587882e-01 -1.047511280278612573e-02 7.135517561547198850e-01
7.222105323113587882e-01 -1.047511280278612573e-02 7.135517561547198850e-01
7.221923074306624279e-01 -1.047560699224743715e-02 7.135881877733255552e-01
7.221571290938161303e-01 -1.047657922747327087e-02 7.136598282023878248e-01
7.221571290938161303e-01 -1.047657922747327087e-02 7.136598282023878248e-01
7.221375679436056183e-01 -1.047713038386638429e-02 7.137004217812610296e-01
7.220999143369726259e-01 -1.047821200613614952e-02 7.137800590512111132e-01
7.220999143369726259e-01 -1.047821200613614952e-02 7.137800590512111132e-01
7.220784301853172549e-01 -1.047884132892706703e-02 7.138263828064825844e-01
7.220372252177472694e-01 -1.048007237198900037e-02 7.139169697600767917e-01
7.220372252177472694e-01 -1.048007237198900037e-02 7.139169697600767917e-01
7.220127168106466042e-01 -1.048081943873878548e-02 7.139719258099751498e-01
7.219659578427574109e-01 -1.048227417552705099e-02 7.140788754772715574e-01
7.219659578427574109e-01 -1.048227417552705099e-02 7.140788754772715574e-01
7.219359199879600286e-01 -1.048322842432375911e-02 7.141489884181237979e-01
7.218791122875743982e-01 -1.048507054630638986e-02 7.142842790240615525e-01
7.218791122875743982e-01 -1.048507054630638986e-02 7.142842790240615525e-01
7.218352134282770560e-01 -1.048652468756658580e-02 7.143910259813636143e-01
7.217538338992975921e-01 -1.048927310120634747e-02 7.145927474213880082e-01
7.216108022252789578e-01 -1.049418507798606862e-02 7.149531206539214701e-01
7.213819980262908826e-01 -1.050211611309963440e-02 7.155348426102076109e-01
7.210698824888811531e-01 -1.051303145414448151e-02 7.163355823196830841e-01
7.207173478266769573e-01 -1.052549625268176664e-02 7.172501660201759943e-01
7.203615814546883156e-01 -1.053822398640008422e-02 7.181842349905261935e-01
7.200093977025039393e-01 -1.055097324480941054e-02 7.191200767786343206e-01
7.196608898338443527e-01 -1.056373862777508325e-02 7.200572936763025567e-01
7.193160120380142075e-01 -1.057651969969749563e-02 7.209958522829028604e-01
7.189747186997346162e-01 -1.058931603723884361e-02 7.219357201041514127e-01
7.186369644708194837e-01 -1.060212722722103651e-02 7.228768653983166370e-01
7.183027042869243317e-01 -1.061495286645590050e-02 7.238192571642384499e-01
7.179718933831994443e-01 -1.062779256157276447e-02 7.247628651291122548e-01
7.176444873088838605e-01 -1.064064592884386706e-02 7.257076597360757608e-01
7.173204419408770738e-01 -1.065351259400723963e-02 7.266536121316340413e-01
7.169997134963270735e-01 -1.066639219208946263e-02 7.276006941529564731e-01
7.166822585442713667e-01 -1.067928436722709491e-02 7.285488783150759762e-01
7.163680340163676163e-01 -1.069218877248646546e-02 7.294981377980203074e-01
7.160569972167510899e-01 -1.070510506968446254e-02 7.304484464339027205e-01
7.157491058310534449e-01 -1.071803292920957620e-02 7.313997786939957502e-01
7.154443179346204884e-01 -1.073097202984218262e-02 7.323521096758127680e-01
7.151425919999615521e-01 -1.074392205857633772e-02 7.333054150902181823e-01
7.148438869034652310e-01 -1.075688271044262546e-02 7.342596712485859323e-01
7.145481619314159039e-01 -1.076985368833121258e-02 7.352148550500249291e-01
7.142553767853414559e-01 -1.078283470281711509e-02 7.361709439686872081e-01
7.139654915867252871e-01 -1.079582547198740250e-02 7.371279160411747799e-01
7.136784668811135823e-01 -1.080882572126937863e-02 7.380857498540589479e-01
7.133942636416473748e-01 -1.082183518326069842e-02 7.390444245315239691e-01
7.131128432720479360e-01 -1.083485359756211977e-02 7.400039197231470522e-01
7.128341676090846901e-01 -1.084788071061199011e-02 7.409642155918242379e-01
7.125581989245518555e-01 -1.086091627552326910e-02 7.419252928018512661e-01
7.122848999267805681e-01 -1.087396005192293839e-02 7.428871325071679799e-01
7.120142337617130224e-01 -1.088701180579351550e-02 7.438497163397727041e-01
7.117461640135609446e-01 -1.090007130931753762e-02 7.448130263983129273e-01
7.114806547050733787e-01 -1.091313834072462664e-02 7.457770452368580605e-01
7.112176702974369880e-01 -1.092621268414103834e-02 7.467417558538580469e-01
7.109571756898290795e-01 -1.093929412944209117e-02 7.477071416812921534e-01
7.106991362186452221e-01 -1.095238247210737932e-02 7.486731865740109404e-01
7.104435176564218857e-01 -1.096547751307845424e-02 7.496398747992740752e-01
7.101902862104728653e-01 -1.097857905861956453e-02 7.506071910264858760e-01
7.099394085212574756e-01 -1.099168692018141075e-02 7.515751203171293637e-01
7.096908516604992778e-01 -1.100480091426739304e-02 7.525436481149010426e-01
7.094445831290714377e-01 -1.101792086230250767e-02 7.535127602360457422e-01
7.092005708546645915e-01 -1.103104659050538512e-02 7.544824428598917443e-01
7.089587831892535386e-01 -1.104417792976325821e-02 7.554526825195866380e-01
7.087191889063763073e-01 -1.105731471550926159e-02 7.564234660930321263e-01
7.084817571982405804e-01 -1.107045678760279830e-02 7.573947807940173416e-01
7.082464576726700267e-01 -1.108360399021282409e-02 7.583666141635497793e-01
7.080132603499034172e-01 -1.109675617170325507e-02 7.593389540613811883e-01
7.077821356592589597e-01 -1.110991318452131567e-02 7.603117886577275275e-01
7.075530544356741780e-01 -1.112307488508901092e-02 7.612851064251811017e-01
7.073259879161331032e-01 -1.113624113369665082e-02 7.622588961308118805e-01
7.071009077359912132e-01 -1.114941179439900808e-02 7.632331468284559994e-01
7.068777859252075579e-01 -1.116258673491445086e-02 7.642078478511894479e-01
7.066565949044925077e-01 -1.117576582652642266e-02 7.651829888039837213e-01
7.064373074813807829e-01 -1.118894894398700206e-02 7.661585595565404416e-01
7.062198968462385373e-01 -1.120213596542307156e-02 7.671345502363030588e-01
7.060043365682109329e-01 -1.121532677224516827e-02 7.681109512216418578e-01
7.057906005911179781e-01 -1.122852124905843879e-02 7.690877531352094953e-01
7.055786632293065130e-01 -1.124171928357577642e-02 7.700649468374641815e-01
7.053684991634640022e-01 -1.125492076653328462e-02 7.710425234203571732e-01
7.051600834364000203e-01 -1.126812559160812223e-02 7.720204742011815835e-01
7.049533914488020914e-01 -1.128133365533860212e-02 7.729987907165789540e-01
7.047483989549713224e-01 -1.129454485704606617e-02 7.739774647167013688e-01
7.045450820585421603e-01 -1.130775909875869276e-02 7.749564881595247812e-01
7.043434172081912692e-01 -1.132097628513780742e-02 7.759358532053105550e-01
7.041433811933407450e-01 -1.133419632340608614e-02 7.769155522112128898e-01
7.039449511398595538e-01 -1.134741912327731118e-02 7.778955777260280202e-01
7.037481045057668583e-01 -1.136064459688834218e-02 7.788759224850821949e-01
7.035528190769411161e-01 -1.137387265873289650e-02 7.798565794052555455e-01
7.033590729628381721e-01 -1.138710322559697771e-02 7.808375415801387387e-01
7.031668445922218957e-01 -1.140033621649635953e-02 7.818188022753188582e-01
7.029761127089106942e-01 -1.141357155261551667e-02 7.828003549237917413e-01
7.027868563675415681e-01 -1.142680915724822444e-02 7.837821931214978832e-01
7.025990549293550380e-01 -1.144004895573996934e-02 7.847643106229786891e-01
7.024126880580036092e-01 -1.145329087543184993e-02 7.857467013371501885e-01
7.022277357153853261e-01 -1.146653484560608560e-02 7.867293593231913240e-01
7.020441781575047502e-01 -1.147978079743277452e-02 7.877122787865438180e-01
7.018619959303629141e-01 -1.149302866391853709e-02 7.886954540750209519e-01
7.016811698658786955e-01 -1.150627837985631306e-02 7.896788796750224826e-01
7.015016810778427203e-01 -1.151952988177644063e-02 7.906625502078530321e-01
7.013235109579051274e-01 -1.153278310789949794e-02 7.916464604261408411e-01
7.011466411715988611e-01 -1.154603799809017679e-02 7.926306052103547772e-01
7.009710536543991566e-01 -1.155929449381252333e-02 7.936149795654171557e-01
7.007967306078207725e-01 -1.157255253808634962e-02 7.945995786174091524e-01
7.006236544955540824e-01 -1.158581207544488040e-02 7.955843976103669224e-01
7.004518080396402446e-01 -1.159907305189375633e-02 7.965694319031658699e-01
7.002811742166867859e-01 -1.161233541487109722e-02 7.975546769664905167e-01
7.001117362541238176e-01 -1.162559911320851062e-02 7.985401283798878591e-01
6.999434776265018865e-01 -1.163886409709336857e-02 7.995257818289022156e-01
6.997763820518321243e-01 -1.165213031803215976e-02 8.005116331022888998e-01
6.996104334879683639e-01 -1.166539772881477512e-02 8.014976780893044994e-01
6.994456161290324436e-01 -1.167866628347980808e-02 8.024839127770720948e-01
6.992819144018823652e-01 -1.169193593728081772e-02 8.034703332480193083e-01
6.991193129626240843e-01 -1.170520664665377665e-02 8.044569356773868529e-01
6.989577966931668218e-01 -1.171847836918514345e-02 8.054437163308061365e-01
6.987973506978217841e-01 -1.173175106358079894e-02 8.064306715619432575e-01
6.986379602999448490e-01 -1.174502468963620379e-02 8.074177978102080599e-01
6.984796110386228829e-01 -1.175829920820699662e-02 8.084050915985269148e-01
6.983222886654043560e-01 -1.177157458118062786e-02 8.093925495311761198e-01
6.981659791410733673e-01 -1.178485077144882272e-02 8.103801682916755844e-01
6.980106686324670795e-01 -1.179812774288065483e-02 8.113679446407405793e-01
6.978563435093371181e-01 -1.181140546029652190e-02 8.123558754142893301e-01
6.977029903412542700e-01 -1.182468388944276846e-02 8.133439575215060113e-01
6.975505958945560359e-01 -1.183796299696703372e-02 8.143321879429566978e-01
6.973991471293375932e-01 -1.185124275039436785e-02 8.153205637287571639e-01
6.972486311964851691e-01 -1.186452311810394164e-02 8.163090819967910861e-01
6.970990354347519347e-01 -1.187780406930634067e-02 8.172977399309772073e-01
6.969503473678764216e-01 -1.189108557402160718e-02 8.182865347795837963e-01
6.968025547017423493e-01 -1.190436760305784922e-02 8.192754638535891809e-01
6.966556453215801969e-01 -1.191765012799046904e-02 8.202645245250878014e-01
6.965096072892099643e-01 -1.193093312114187031e-02 8.212537142257391176e-01
6.963644288403246785e-01 -1.194421655556186790e-02 8.222430304452592598e-01
6.962200983818146449e-01 -1.195750040500865273e-02 8.232324707299538691e-01
6.960766044891314452e-01 -1.197078464393022679e-02 8.242220326812905729e-01
6.959339359036916806e-01 -1.198406924744614688e-02 8.252117139545106506e-01
6.957920815303202389e-01 -1.199735419133010107e-02 8.262015122572785586e-01
6.956510304347320872e-01 -1.201063945199289454e-02 8.271914253483679813e-01
6.955107718410529216e-01 -1.202392500646568517e-02 8.281814510363831872e-01
6.953712951293773425e-01 -1.203721083238403627e-02 8.291715871785155789e-01
6.952325898333646670e-01 -1.205049690797212886e-02 8.301618316793336616e-01
6.950946456378722660e-01 -1.206378321202748044e-02 8.311521824896055399e-01
6.949574523766252065e-01 -1.207706972390604726e-02 8.321426376051533902e-01
6.948210000299221978e-01 -1.209035642350788850e-02 8.331331950657387964e-01
6.946852787223772863e-01 -1.210364329126309944e-02 8.341238529539780622e-01
6.945502787206967454e-01 -1.211693030811805336e-02 8.351146093942866111e-01
6.944159904314910481e-01 -1.213021745552229740e-02 8.361054625518515859e-01
6.942824043991212557e-01 -1.214350471541557688e-02 8.370964106316322040e-01
6.941495113035790476e-01 -1.215679207021511977e-02 8.380874518773868687e-01
6.940173019584002789e-01 -1.217007950280350401e-02 8.390785845707260382e-01
6.938857673086117339e-01 -1.218336699651680240e-02 8.400698070301902964e-01
6.937548984287102982e-01 -1.219665453513296867e-02 8.410611176103531816e-01
6.936246865206741052e-01 -1.220994210286057043e-02 8.420525147009478850e-01
6.934951229120056571e-01 -1.222322968432783784e-02 8.430439967260169309e-01
6.933661990538058095e-01 -1.223651726457208704e-02 8.440355621430843946e-01
6.932379065188783995e-01 -1.224980482902926493e-02 8.450272094423501024e-01
6.931102369998654034e-01 -1.226309236352391384e-02 8.460189371459050367e-01
6.929831823074117381e-01 -1.227637985425933040e-02 8.470107438069673922e-01
6.928567343683597057e-01 -1.228966728780788581e-02 8.480026280091389479e-01
6.927308852239720816e-01 -1.230295465110180404e-02 8.489945883656805359e-01
6.926056270281837346e-01 -1.231624193142425751e-02 8.499866235188066055e-01
6.924809520458813372e-01 -1.232952911640043323e-02 8.509787321389986614e-01
6.923568526512107191e-01 -1.234281619398886788e-02 8.519709129243363543e-01
6.922333213259114215e-01 -1.235610315247324953e-02 8.529631645998456690e-01
6.921103506576782305e-01 -1.236938998045426265e-02 8.539554859168643208e-01
6.919879333385490217e-01 -1.238267666684165526e-02 8.549478756524239165e-01
6.918660621633180297e-01 -1.239596320084648470e-02 8.559403326086478803e-01
6.917447300279752076e-01 -1.240924957197369130e-02 8.569328556121648122e-01
6.916239299281707886e-01 -1.242253577001480730e-02 8.579254435135371670e-01
6.915036549577041614e-01 -1.243582178504079247e-02 8.589180951867045888e-01
6.913838983070372812e-01 -1.244910760739515593e-02 8.599108095284414555e-01
6.912646532618322848e-01 -1.246239322768719071e-02 8.609035854578286351e-01
6.911459132015123075e-01 -1.247567863678543214e-02 8.618964219157384532e-01
6.910276715978455053e-01 -1.248896382581126535e-02 8.628893178643330941e-01
6.909099220135521691e-01 -1.250224878613275838e-02 8.638822722865755477e-01
6.907926581009341538e-01 -1.251553350935850732e-02 8.648752841857531015e-01
6.906758736005262911e-01 -1.252881798733171403e-02 8.658683525850130458e-01
6.905595623397694505e-01 -1.254210221212450835e-02 8.668614765269098132e-01
6.904437182317052502e-01 -1.255538617603233972e-02 8.678546550729641096e-01
6.903283352736915290e-01 -1.256866987156850593e-02 8.688478873032328131e-01
6.902134075461385798e-01 -1.258195329145881530e-02 8.698411723158897546e-01
6.900989292112656992e-01 -1.259523642863643635e-02 8.708345092268168219e-01
6.899848945118776111e-01 -1.260851927623686010e-02 8.718278971692057233e-01
6.898712977701607629e-01 -1.262180182759296138e-02 8.728213352931697422e-01
6.897581333864987174e-01 -1.263508407623019011e-02 8.738148227653648181e-01
6.896453958383066407e-01 -1.264836601586197956e-02 8.748083587686200646e-01
6.895330796788846639e-01 -1.266164764038512150e-02 8.758019425015778348e-01
6.894211795362893413e-01 -1.267492894387530801e-02 8.767955731783427797e-01
6.893096901122233167e-01 -1.268820992058291436e-02 8.777892500281390120e-01
6.891986061809426412e-01 -1.270149056492872290e-02 8.787829722949761502e-01
6.889886433414956768e-01 -1.272672285211973002e-02 8.806711667822605394e-01
6.886121631610048199e-01 -1.277239006679615693e-02 8.840891915053420425e-01
6.879982678712336375e-01 -1.284800995242672134e-02 8.897508290307736267e-01
6.871394467720257637e-01 -1.295615965910663220e-02 8.978516862915977281e-01
6.861482644341847514e-01 -1.308431402840427686e-02 9.074564495018324628e-01
6.851503467301910399e-01 -1.321682599018155456e-02 9.173937914124671300e-01
6.841758719504812403e-01 -1.334944899419790269e-02 9.273452936680804948e-01
6.832231809936507583e-01 -1.348202600619600663e-02 9.372989210336910570e-01
6.822897735983408651e-01 -1.361455639504940973e-02 9.472543770041595979e-01
6.813734516989374823e-01 -1.374704011721568885e-02 9.572114216076335058e-01
6.804722816317846368e-01 -1.387947744584643907e-02 9.671698502842075440e-01
6.795845603729109285e-01 -1.401186890172654090e-02 9.771294879853477111e-01
6.787087863785952191e-01 -1.414421519794870942e-02 9.870901843726327396e-01
6.778436343554423704e-01 -1.427651719545809487e-02 9.970518098909241234e-01
6.769879333923451981e-01 -1.440877586723319538e-02 1.007014252540635146e+00
6.761406479747890108e-01 -1.454099226936952927e-02 1.016977415211741897e+00
6.753008614754451022e-01 -1.467316751770158904e-02 1.026941213471409542e+00
6.744677617764309741e-01 -1.480530276888058876e-02 1.036905573719715701e+00
6.736406287300695794e-01 -1.493739920506218129e-02 1.046870431645507304e+00
6.728188232081941944e-01 -1.506945802152303421e-02 1.056835730928131545e+00
6.720017775264085502e-01 -1.520148041666429320e-02 1.066801422141516964e+00
6.711889870603920949e-01 -1.533346758396465608e-02 1.076767461825531180e+00
6.703800028972912717e-01 -1.546542070553175684e-02 1.086733811696224627e+00
6.695744253872368823e-01 -1.559734094696967575e-02 1.096700437971873221e+00
6.687718984787220933e-01 -1.572922945332645012e-02 1.106667310795963477e+00
6.679721047375056786e-01 -1.586108734593466227e-02 1.116634403741652903e+00
6.671747609622979969e-01 -1.599291571999068504e-02 1.126601693384964298e+00
6.663796143221198953e-01 -1.612471564274220795e-02 1.136569158936171720e+00
6.655864389501996436e-01 -1.625648815217954624e-02 1.146536781920623360e+00
6.647950329378370382e-01 -1.638823425614368764e-02 1.156504545901701375e+00
6.640052156790360316e-01 -1.651995493177795676e-02 1.166472436239806454e+00
6.632168255230651566e-01 -1.665165112526249824e-02 1.176440439882234124e+00
6.624297176975920687e-01 -1.678332375178187216e-02 1.186408545179614249e+00
6.616437624697855124e-01 -1.691497369568273346e-02 1.196376741725251103e+00
6.608588435168930575e-01 -1.704660181078638051e-02 1.206345020214256269e+00
6.600748564813673225e-01 -1.717820892082631834e-02 1.216313372319828501e+00
6.592917076887135908e-01 -1.730979581998598471e-02 1.226281790584421660e+00
6.585093130089283431e-01 -1.744136327351571494e-02 1.236250268323864976e+00
6.577275968447423571e-01 -1.757291201841147329e-02 1.246218799542774258e+00
6.569464912319293859e-01 -1.770444276414010615e-02 1.256187378859825232e+00
6.561659350387284428e-01 -1.783595619339874844e-02 1.266156001441655077e+00
6.553858732529855846e-01 -1.796745296289842600e-02 1.276124662944323918e+00
6.546062563469856599e-01 -1.809893370416259389e-02 1.286093359461412788e+00
6.538270397111394239e-01 -1.823039902433362322e-02 1.296062087477955149e+00
6.530481831487371380e-01 -1.836184950698120308e-02 1.306030843829502075e+00
6.522696504248967075e-01 -1.849328571290733900e-02 1.315999625665713380e+00
6.514914088636390987e-01 -1.862470818094412450e-02 1.325968430417942434e+00
6.507134289877321009e-01 -1.875611742874083721e-02 1.335937255770349719e+00
6.499356841965631126e-01 -1.888751395353761506e-02 1.345906099634138098e+00
6.491581504778489720e-01 -1.901889823292356868e-02 1.355874960124551665e+00
6.483808061494726882e-01 -1.915027072557733828e-02 1.365843835540325069e+00
6.476036316281591487e-01 -1.928163187198903353e-02 1.375812724345308213e+00
6.468266092220764651e-01 -1.941298209516270981e-02 1.385781625152021634e+00
6.460497229447783596e-01 -1.954432180129833316e-02 1.395750536706928502e+00
6.452729583481947584e-01 -1.967565138045281395e-02 1.405719457877235401e+00
6.444963023726334450e-01 -1.980697120717997417e-02 1.415688387639054024e+00
6.437197432119829976e-01 -1.993828164114920878e-02 1.425657325066775671e+00
6.429432701925082982e-01 -2.006958302774299735e-02 1.435626269323527993e+00
6.421668736638070918e-01 -2.020087569863333529e-02 1.445595219652598296e+00
6.413905449006528370e-01 -2.033215997233731726e-02 1.455564175369720381e+00
6.406142760145893122e-01 -2.046343615475226460e-02 1.465533135856132763e+00
6.398380598742652303e-01 -2.059470453967068848e-02 1.475502100552328333e+00
6.390618900336065833e-01 -2.072596540927557768e-02 1.485471068952422646e+00
6.382857606670223616e-01 -2.085721903461654897e-02 1.495440040599076648e+00
6.375096665109242222e-01 -2.098846567606731800e-02 1.505409015078916557e+00
6.367336028109188417e-01 -2.111970558376496596e-02 1.515377992018399844e+00
6.359575652740987461e-01 -2.125093899803163003e-02 1.525346971080082437e+00
6.351815500259184732e-01 -2.138216614977917623e-02 1.535315951959245417e+00
6.344055535711967675e-01 -2.151338726089737502e-02 1.545284934380845465e+00
6.336295727588334703e-01 -2.164460254462612782e-02 1.555253918096756616e+00
6.328536047498732886e-01 -2.177581220591236905e-02 1.565222902883274037e+00
6.320776469885857063e-01 -2.190701644175215360e-02 1.575191888538854501e+00
6.313016971762644980e-01 -2.203821544151846057e-02 1.585160874882069137e+00
6.305257532474817239e-01 -2.216940938727536559e-02 1.595129861749748690e+00
6.297498133485575078e-01 -2.230059845407898061e-02 1.605098848995301752e+00
6.289738758180306588e-01 -2.243178281026566787e-02 1.615067836487189101e+00
6.281979391689372916e-01 -2.256296261772813838e-02 1.625036824107539690e+00
6.274220020727250269e-01 -2.269413803217990716e-02 1.635005811750894322e+00
6.266460633446458983e-01 -2.282530920340850034e-02 1.644974799323065229e+00
6.258701219304874108e-01 -2.295647627551786890e-02 1.654943786740099121e+00
6.250941768945160737e-01 -2.308763938716059186e-02 1.664912773927335721e+00
6.243182274085182781e-01 -2.321879867176017409e-02 1.674881760818551557e+00
6.235422727418364897e-01 -2.334995425772384489e-02 1.684850747355181699e+00
6.227663122523074968e-01 -2.348110626864636716e-02 1.694819733485611879e+00
6.219903453780187830e-01 -2.361225482350512786e-02 1.704788719164533894e+00
6.212143716298080820e-01 -2.374340003684689837e-02 1.714757704352359635e+00
6.204383905844365055e-01 -2.387454201896671221e-02 1.724726689014687731e+00
6.196624018783745136e-01 -2.400568087607914472e-02 1.734695673121817272e+00
6.188864052021443296e-01 -2.413681671048221317e-02 1.744664656648305501e+00
6.181104002951680609e-01 -2.426794962071437620e-02 1.754633639572565240e+00
6.173343869410757856e-01 -2.439907970170491006e-02 1.764602621876497190e+00
6.165583649634319707e-01 -2.453020704491783513e-02 1.774571603545155973e+00
6.157823342218429197e-01 -2.466133173848980217e-02 1.784540584566445265e+00
6.150062946084104976e-01 -2.479245386736213946e-02 1.794509564930839796e+00
6.142302460445017154e-01 -2.492357351340730373e-02 1.804478544631132886e+00
6.134541884778057508e-01 -2.505469075555002284e-02 1.814447523662205519e+00
6.126781218796528705e-01 -2.518580566988333144e-02 1.824416502020816289e+00
6.119020462425726059e-01 -2.531691832977972512e-02 1.834385479705409994e+00
6.111259615780690879e-01 -2.544802880599764811e-02 1.844354456715942669e+00
6.103498679145951122e-01 -2.557913716678353669e-02 1.854323433053723047e+00
6.095737652957077257e-01 -2.571024347796960555e-02 1.864292408721267780e+00
6.087976537783883479e-01 -2.584134780306752283e-02 1.874261383722169327e+00
6.080215334315143272e-01 -2.597245020335820637e-02 1.884230358060975830e+00
6.072454043344680530e-01 -2.610355073797789374e-02 1.894199331743081638e+00
6.064692665758713019e-01 -2.623464946400063530e-02 1.904168304774627840e+00
6.056931202524351576e-01 -2.636574643651740102e-02 1.914137277162411666e+00
6.042184190637185370e-01 -2.661482606361949971e-02 1.933078322955691375e+00
6.015491350579033059e-01 -2.706564579100392831e-02 1.967361610202793987e+00
5.971283342390072413e-01 -2.781221189636850707e-02 2.024138147152547251e+00
5.908041343206391627e-01 -2.888008342102032361e-02 2.105355092121417471e+00
5.833075392238005197e-01 -3.014575166646220675e-02 2.201621662468036700e+00
5.755530589059569824e-01 -3.145480597497508912e-02 2.301193686367621449e+00
5.677890485463881198e-01 -3.276534639035811464e-02 2.400883078106435864e+00
5.600247199446893864e-01 -3.407584415493107588e-02 2.500572585061362041e+00
5.522601473875841105e-01 -3.538630704237430424e-02 2.600262073474203905e+00
5.444953807025239012e-01 -3.669674228902485014e-02 2.699951547130068352e+00
5.367304588723147418e-01 -3.800715540931879494e-02 2.799641008992493685e+00
5.289654124068602359e-01 -3.931755064768874958e-02 2.899330461381928625e+00
5.212002652448108897e-01 -4.062793130241967865e-02 2.999019906119520407e+00
5.134350362416619795e-01 -4.193829996010247502e-02 3.098709344639898333e+00
5.056697403194894136e-01 -4.324865866702696376e-02 3.198398778078449300e+00
4.979043893497990814e-01 -4.455900905565409603e-02 3.298088207338405908e+00
4.901389928299761389e-01 -4.586935243878376839e-02 3.397777633142288423e+00
4.823735584017856959e-01 -4.717968988027688299e-02 3.497467056071356328e+00
4.746080922496244692e-01 -4.849002224861190952e-02 3.597156476595922747e+00
4.668425994073839846e-01 -4.980035025776613500e-02 3.696845895098717527e+00
4.590770839958277505e-01 -5.111067449866118356e-02 3.796535311892961673e+00
4.513115494070340517e-01 -5.242099546352939343e-02 3.896224727236413443e+00
4.435459984483934859e-01 -5.373131356492831523e-02 3.995914141342334691e+00
4.357804334555913650e-01 -5.504162915068035872e-02 4.095603554388095979e+00
4.280148563817085527e-01 -5.635194251568780011e-02 4.195292966521958711e+00
4.202492688678514665e-01 -5.766225391133578126e-02 4.294982377868455714e+00
4.124836722994294491e-01 -5.897256355302114839e-02 4.394671788532675372e+00
4.047180678512263263e-01 -6.028287162621612238e-02 4.494361198603692209e+00
3.969524565236802194e-01 -6.159317829137958555e-02 4.594050608157329130e+00
3.891868391722323461e-01 -6.290348368795668776e-02 4.693740017258390296e+00
3.814212165311846592e-01 -6.421378793765307458e-02 4.793429425962475676e+00
3.736555892331864248e-01 -6.552409114712885729e-02 4.893118834317465193e+00
3.658899578252244322e-01 -6.683439341022606728e-02 4.992808242364734639e+00
3.581243227818036168e-01 -6.814469480981914795e-02 5.092497650140157539e+00
3.503586845158594421e-01 -6.945499541935921950e-02 5.192187057674935602e+00
3.425930433878306980e-01 -7.076529530416843239e-02 5.291876464996287943e+00
3.348273997132341639e-01 -7.207559452252959575e-02 5.391565872128026626e+00
3.270617537690134746e-01 -7.338589312660719066e-02 5.491255279091038943e+00
3.192961057988811802e-01 -7.469619116322885610e-02 5.590944685903694200e+00
3.115304560178301374e-01 -7.600648867455113422e-02 5.690634092582186554e+00
3.037648046159573956e-01 -7.731678569862873718e-02 5.790323499140823671e+00
2.959991517617163725e-01 -7.862708226990298976e-02 5.890012905592275416e+00
2.882334976046917463e-01 -7.993737841962240964e-02 5.989702311947783464e+00
2.804678422779751101e-01 -8.124767417620605559e-02 6.089391718217341598e+00
2.727021859002049520e-01 -8.255796956555846999e-02 6.189081124409851142e+00
2.649365285773235268e-01 -8.386826461134351540e-02 6.288770530533253300e+00
2.571708704040942539e-01 -8.517855933522314182e-02 6.388459936594645505e+00
2.494052114654158603e-01 -8.648885375706623357e-02 6.488149342600380010e+00
2.416395518374635787e-01 -8.779914789513180995e-02 6.587838748556150925e+00
2.338738915886826586e-01 -8.910944176623016022e-02 6.687528154467069719e+00
2.261082307806553948e-01 -9.041973538586489667e-02 6.787217560337729161e+00
2.183425694688595209e-01 -9.173002876835850694e-02 6.886906966172261946e+00
2.105769077033331771e-01 -9.304032192696370940e-02 6.986596371974392206e+00
2.028112455292591654e-01 -9.435061487396236013e-02 7.086285777747479031e+00
1.950455829874793157e-01 -9.566090762075345200e-02 7.185975183494553775e+00
1.872799201149483450e-01 -9.697120017793170454e-02 7.285664589218355580e+00
1.795142569451350090e-01 -9.828149255535785500e-02 7.385353994921362464e+00
1.717485935083774007e-01 -9.959178476222162180e-02 7.485043400605816188e+00
1.639829298321982265e-01 -1.009020768070982566e-01 7.584732806273748018e+00
1.562172659415848319e-01 -1.022123686979994339e-01 7.684422211927000035e+00
1.484516018592386133e-01 -1.035226604424191316e-01 7.784111617567242014e+00
1.406859376057974509e-01 -1.048329520473750415e-01 7.883801023195989188e+00
1.329202732000342169e-01 -1.061432435194460538e-01 7.983490428814617346e+00
1.251546086590344109e-01 -1.074535348648062300e-01 8.083179834424374377e+00
1.173889439983552274e-01 -1.087638260892556386e-01 8.182869240026398927e+00
1.096232792321681637e-01 -1.100741171982483890e-01 8.282558645621723059e+00
1.018576143733871953e-01 -1.113844081969181526e-01 8.382248051211284690e+00
9.409194943378400289e-02 -1.126946990901014634e-01 8.481937456795936470e+00
8.632628442409169545e-02 -1.140049898823589924e-01 8.581626862376454667e+00
7.856061935409830443e-02 -1.153152805779949913e-01 8.681316267953546273e+00
7.079495423273120258e-02 -1.166255711810750967e-01 8.781005673527852551e+00
6.302928906813333454e-02 -1.179358616954426925e-01 8.880695079099956146e+00
5.526362386773218255e-02 -1.192461521247339118e-01 8.980384484670388190e+00
4.749795863830224424e-02 -1.205564424723914452e-01 9.080073890239631851e+00
3.973229338602160543e-02 -1.218667327416772528e-01 9.179763295808125889e+00
3.196662811652328101e-02 -1.231770229356842494e-01 9.279452701376268209e+00
2.420096283494184777e-02 -1.244873130573471293e-01 9.379142106944419410e+00
1.643529754595583758e-02 -1.257976031094523162e-01 9.478831512512908120e+00
8.669632253826267329e-03 -1.271078930946472618e-01 9.578520918082032765e+00
9.039669624317497182e-04 -1.284181830154489390e-01 9.678210323652061575e+00
-6.861698324699523621e-03 -1.297284728742517657e-01 9.777899729223236136e+00
-1.462736360436061797e-02 -1.310387626733349742e-01 9.877589134795776715e+00
-2.239302887363923619e-02 -1.323490524148694669e-01 9.977278540369882265e+00
-3.015869412989340484e-02 -1.336593421009240890e-01 1.007696794594573220e+01
nan nan nan
nan nan nan
nan nan nan
nan nan nan
nan nan nan
nan nan nan
nan nan nan
nan nan nan
nan nan nan
nan nan nan
nan nan nan
nan nan nan
nan nan nan
nan nan nan
nan nan nan
nan nan nan
nan nan nan
nan nan nan
nan nan nan
nan nan nan
nan nan nan
nan nan nan
nan nan nan
nan nan nan
nan nan nan
nan nan nan
nan nan nan
nan nan nan
nan nan nan
nan nan nan
nan nan nan
nan nan nan
nan nan nan
nan nan nan
nan nan nan
nan nan nan
nan nan nan
nan nan nan
nan nan nan
nan nan nan
nan nan nan
nan nan nan
nan nan nan
nan nan nan
nan nan nan
nan nan nan
nan nan nan
nan nan nan
nan nan nan
nan nan nan
nan nan nan
nan nan nan
nan nan nan
nan nan nan
nan nan nan
nan nan nan
nan nan nan
nan nan nan
nan nan nan
nan nan nan
nan nan nan
nan nan nan
nan nan nan
nan nan nan
nan nan nan
nan nan nan
nan nan nan
nan nan nan
nan nan nan
nan nan nan
nan nan nan
nan nan nan
nan nan nan
nan nan nan
nan nan nan
nan nan nan
nan nan nan
nan nan nan
nan nan nan
nan nan nan
nan nan nan
nan nan nan
nan nan nan
nan nan nan
nan nan nan
nan nan nan
nan nan nan
nan nan nan
nan nan nan
nan nan nan
nan nan nan
nan nan nan
nan nan nan
nan nan nan
nan nan nan
nan nan nan
nan nan nan
nan nan nan
nan nan nan
nan nan nan
nan nan nan
nan nan nan
nan nan nan
nan nan nan
nan nan nan
nan nan nan
nan nan nan
nan nan nan
nan nan nan
nan nan nan
nan nan nan
nan nan nan
nan nan nan
nan nan nan
nan nan nan
nan nan nan
nan nan nan
nan nan nan
nan nan nan
nan nan nan
nan nan nan
nan nan nan
nan nan nan
nan nan nan
nan nan nan
nan nan nan
nan nan nan
nan nan nan
nan nan nan
nan nan nan
nan nan nan
