# X Y Z
9.898681676021668707e+00 -9.539597332516309980e-03 1.621751360178705359e-01
9.798681712389779364e+00 -9.544251941689117433e-03 1.622602694528805789e-01
9.698681752413762069e+00 -9.548908978337182149e-03 1.623495923662992557e-01
9.598681796392474652e+00 -9.553568560121870890e-03 1.624432364486984581e-01
9.498681844647338224e+00 -9.558230811901496579e-03 1.625413389815848486e-01
9.398681897524202355e+00 -9.562895866267366943e-03 1.626440431401229014e-01
9.298681955395373677e+00 -9.567563864130617171e-03 1.627514983160324447e-01
9.198682018661832771e+00 -9.572234955364803538e-03 1.628638604622798802e-01
9.098682087755669556e+00 -9.576909299502450387e-03 1.629812924613244507e-01
8.998682163142746049e+00 -9.581587066495098406e-03 1.631039645188657738e-01
8.898682245325616691e+00 -9.586268437549562774e-03 1.632320545852175564e-01
8.798682334846738229e+00 -9.590953606045473506e-03 1.633657488066396490e-01
8.698682432291988675e+00 -9.595642778540055054e-03 1.635052420092104886e-01
8.598682538294545097e+00 -9.600336175872387079e-03 1.636507382180739378e-01
8.498682653539155751e+00 -9.605034034378861010e-03 1.638024512151816103e-01
8.398682778766845658e+00 -9.609736607232173197e-03 1.639606051389958241e-01
8.298682914780114217e+00 -9.614444165921359753e-03 1.641254351299773762e-01
8.198683062448679948e+00 -9.619157001881940491e-03 1.642971880261007434e-01
8.098683222715839847e+00 -9.623875428309157723e-03 1.644761231131121604e-01
7.998683396605510865e+00 -9.628599782166962981e-03 1.646625129347702721e-01
7.898683585230047655e+00 -9.633330426416317899e-03 1.648566441689215678e-01
7.798683789798930732e+00 -9.638067752500109261e-03 1.650588185759202242e-01
7.698684011628431634e+00 -9.642812183107401375e-03 1.652693540266999273e-01
7.598684252152388297e+00 -9.647564175266061179e-03 1.654885856186822934e-01
7.498684512934230106e+00 -9.652324223802214928e-03 1.657168668887048224e-01
7.398684795680424031e+00 -9.657092865220618175e-03 1.659545711333288154e-01
7.298685102255534574e+00 -9.661870682069429936e-03 1.662020928481927340e-01
7.198685434699119590e+00 -9.666658307848165210e-03 1.664598492996094969e-01
7.098685795244720431e+00 -9.671456432552166110e-03 1.667282822433915068e-01
6.998686186341247506e+00 -9.676265808940114413e-03 1.670078598079091092e-01
6.898686610677110309e+00 -9.681087259644784518e-03 1.672990785607638697e-01
6.798687071207503152e+00 -9.685921685251491081e-03 1.676024657812501539e-01
6.698687571185324430e+00 -9.690770073499877652e-03 1.679185819639774369e-01
6.598688114196291643e+00 -9.695633509813169487e-03 1.682480235828252013e-01
6.498688704198918309e+00 -9.700513189349271523e-03 1.685914261489014077e-01
6.398689345570137021e+00 -9.705410430836039840e-03 1.689494676013976182e-01
6.298690043157504803e+00 -9.710326692511310476e-03 1.693228720764995976e-01
6.198690802339104522e+00 -9.715263590558556941e-03 1.697124141069574765e-01
6.098691629092471977e+00 -9.720222920460338742e-03 1.701189233137739287e-01
5.998692530074148266e+00 -9.725206681816284116e-03 1.705432896621325023e-01
5.898693512711797204e+00 -9.730217107310852251e-03 1.709864693665295587e-01
5.798694585311224614e+00 -9.735256696624698322e-03 1.714494915455963830e-01
5.698695757181155841e+00 -9.740328256258215522e-03 1.719334657459576088e-01
5.598697038779269164e+00 -9.745434946492525716e-03 1.724395904775462562e-01
5.498698441883783872e+00 -9.750580336977735657e-03 1.729691629311267131e-01
5.398699979795933857e+00 -9.755768472779475023e-03 1.735235900836670231e-01
5.298701667579952534e+00 -9.761003953179156131e-03 1.741044014405670193e-01
5.198703522348876227e+00 -9.766292026086840355e-03 1.747132637178850922e-01
5.098705563606644731e+00 -9.771638701686987186e-03 1.753519978354385611e-01
4.998707813659792443e+00 -9.777050889858328320e-03 1.760225986774318074e-01
4.898710298115737771e+00 -9.782536567127358626e-03 1.767272581862213698e-01
4.798713046489588407e+00 -9.788104980512973494e-03 1.774683924939609581e-01
4.698716092947933909e+00 -9.793766897724830861e-03 1.782486739763691208e-01
4.598719477226937080e+00 -9.799534915943453398e-03 1.790710693456787905e-01
4.498723245774063351e+00 -9.805423845064699384e-03 1.799388852041668707e-01
4.398727453179322566e+00 -9.811451186187897244e-03 1.808558228808861412e-01
4.298732163984883670e+00 -9.817637732854119989e-03 1.818260449076916918e-01
4.198737454994259544e+00 -9.824008331414283562e-03 1.828542562062946686e-01
4.098743418248278481e+00 -9.830592849320779480e-03 1.839458040273324879e-01
3.998750164901453186e+00 -9.837427417535507188e-03 1.851068020090991806e-01
3.898757830329528495e+00 -9.844556036901779342e-03 1.863442855591650182e-01
3.798766580943333082e+00 -9.852032672521328707e-03 1.876664083324674492e-01
3.698776623402059816e+00 -9.859924008937509532e-03 1.890826932247833825e-01
3.598788217254251798e+00 -9.868313109357953333e-03 1.906043565439650422e-01
3.498801692560072674e+00 -9.877304326343339450e-03 1.922447316785529103e-01
3.398817474889380463e+00 -9.887029967032808300e-03 1.940198299562873319e-01
3.298836121467981108e+00 -9.897659452729657206e-03 1.959490935943156709e-01
3.198858374560699325e+00 -9.909412080626645372e-03 1.980564222308618116e-01
3.098885242186462996e+00 -9.922575080043856410e-03 2.003715965786771191e-01
2.998918123416321357e+00 -9.937529608069914366e-03 2.029322910301878113e-01
2.898959008756397004e+00 -9.954788928606185874e-03 2.057869813553470650e-01
2.799010811691518885e+00 -9.975055796231806216e-03 2.089992517633580682e-01
2.699077939235020374e+00 -9.999311086873453186e-03 2.126543632345404833e-01
2.599167320158822569e+00 -1.002895523179285486e-02 2.168696221353095532e-01
2.499290363189259345e+00 -1.006604309560441175e-02 2.218114451581606750e-01
2.499290363189259345e+00 -1.006604309560441175e-02 2.218114451581606750e-01
2.452948819895698573e+00 -1.008648226124982290e-02 2.244071188836312958e-01
2.381804213850286622e+00 -1.012331459738294998e-02 2.288793753453224333e-01
2.381804213850286622e+00 -1.012331459738294998e-02 2.288793753453224333e-01
2.350316554413875547e+00 -1.014206981459575205e-02 2.310735546255233142e-01
2.297307627106302430e+00 -1.017803984344631957e-02 2.351403974901289939e-01
2.297307627106302430e+00 -1.017803984344631957e-02 2.351403974901289939e-01
2.274195759511209225e+00 -1.019566847131398758e-02 2.370764729515988933e-01
2.233358155140616308e+00 -1.023040071931985776e-02 2.407910511263351705e-01
2.233358155140616308e+00 -1.023040071931985776e-02 2.407910511263351705e-01
2.215548119163877061e+00 -1.024713087158358321e-02 2.425395750070300782e-01
2.183139501778256886e+00 -1.028054244217332241e-02 2.459586130116758196e-01
2.183139501778256886e+00 -1.028054244217332241e-02 2.459586130116758196e-01
2.168947019425424561e+00 -1.029648775186373100e-02 2.475602207084769135e-01
2.142611880408900493e+00 -1.032856857260817073e-02 2.507278482527021679e-01
2.142611880408900493e+00 -1.032856857260817073e-02 2.507278482527021679e-01
2.131014907612615694e+00 -1.034380349383442858e-02 2.522092906938306345e-01
2.109198244472247019e+00 -1.037458483604617072e-02 2.551604595703775846e-01
2.109198244472247019e+00 -1.037458483604617072e-02 2.551604595703775846e-01
2.099533654155529838e+00 -1.038916750090437650e-02 2.565408391152415035e-01
2.081168256096880054e+00 -1.041870315857462009e-02 2.593037219243649050e-01
2.081168256096880054e+00 -1.041870315857462009e-02 2.593037219243649050e-01
2.072984309777909040e+00 -1.043268341251312945e-02 2.605974416946446048e-01
2.057313680858094074e+00 -1.046103850765226113e-02 2.631951141477376077e-01
2.057313680858094074e+00 -1.046103850765226113e-02 2.631951141477376077e-01
2.050290883504114703e+00 -1.047446091817291584e-02 2.644134527294182413e-01
2.036764046614803814e+00 -1.050170504268896181e-02 2.668650683209500274e-01
2.036764046614803814e+00 -1.050170504268896181e-02 2.668650683209500274e-01
2.030669533711816133e+00 -1.051461013569592734e-02 2.680171043266430519e-01
2.018875817876299994e+00 -1.054081325472823981e-02 2.703387412870142392e-01
2.018875817876299994e+00 -1.054081325472823981e-02 2.703387412870142392e-01
2.013535596696206298e+00 -1.055323810878219457e-02 2.714319369957114980e-01
2.003162736692771340e+00 -1.057846820337394848e-02 2.736372253684992706e-01
2.003162736692771340e+00 -1.057846820337394848e-02 2.736372253684992706e-01
1.998444047634842180e+00 -1.059044681055172979e-02 2.746778164380708209e-01
1.989250426955861517e+00 -1.061476860178571513e-02 2.767784122603559327e-01
1.989250426955861517e+00 -1.061476860178571513e-02 2.767784122603559327e-01
1.985050132313370463e+00 -1.062633214296606309e-02 2.777716796349444239e-01
1.976845903050807651e+00 -1.064980647955208679e-02 2.797776295972640437e-01
1.976845903050807651e+00 -1.064980647955208679e-02 2.797776295972640437e-01
1.973082613650717132e+00 -1.066098356560801763e-02 2.807280959347445704e-01
1.967027122409356732e+00 -1.067954934489544032e-02 2.823004524817396277e-01
1.967027122409356732e+00 -1.067954934489544032e-02 2.823004524817396277e-01
1.963559423814624560e+00 -1.069051651274538495e-02 2.832256611993370088e-01
1.957879093595721542e+00 -1.070904332779514662e-02 2.847826945880296279e-01
1.957879093595721542e+00 -1.070904332779514662e-02 2.847826945880296279e-01
1.954712121942073555e+00 -1.071968723372971645e-02 2.856740007270962001e-01
1.949430518760902675e+00 -1.073797086245517445e-02 2.871996941413297866e-01
1.949430518760902675e+00 -1.073797086245517445e-02 2.871996941413297866e-01
1.946528455848174799e+00 -1.074831109148336947e-02 2.880596619506846090e-01
1.941613005851098528e+00 -1.076633005559877489e-02 2.895534027907961105e-01
1.941613005851098528e+00 -1.076633005559877489e-02 2.895534027907961105e-01
1.938945399967870298e+00 -1.077638422332169443e-02 2.903842967890234439e-01
1.934365659391973802e+00 -1.079412396142074605e-02 2.918459461483257633e-01
1.934365659391973802e+00 -1.079412396142074605e-02 2.918459461483257633e-01
1.931906337688109598e+00 -1.080390856432103357e-02 2.926498235657994385e-01
1.927633998866443710e+00 -1.082136065078836452e-02 2.940796505796812177e-01
1.927633998866443710e+00 -1.082136065078836452e-02 2.940796505796812177e-01
1.925360382569097917e+00 -1.083089112994695818e-02 2.948583839961385067e-01
1.921369392382512364e+00 -1.084805183491041949e-02 2.962569492972054186e-01
1.921369392382512364e+00 -1.084805183491041949e-02 2.962569492972054186e-01
1.919261928938181372e+00 -1.085734264692102963e-02 2.970122471744131576e-01
1.915528470941598727e+00 -1.087421182428558245e-02 2.983803164134941621e-01
1.915528470941598727e+00 -1.087421182428558245e-02 2.983803164134941621e-01
1.913570164185246503e+00 -1.088327651097729769e-02 2.991137412138252794e-01
1.910072563179597838e+00 -1.089985673471228697e-02 3.004522205754855402e-01
1.910072563179597838e+00 -1.089985673471228697e-02 3.004522205754855402e-01
1.908248584062101294e+00 -1.090870799000331903e-02 3.011652046813749206e-01
1.904967169236503777e+00 -1.092500388259455037e-02 3.024750928436755193e-01
1.904967169236503777e+00 -1.092500388259455037e-02 3.024750928436755193e-01
1.903264532571087297e+00 -1.093365361553313118e-02 3.031689525167352572e-01
1.900181481936836558e+00 -1.094967132528713340e-02 3.044513049236319269e-01
1.900181481936836558e+00 -1.094967132528713340e-02 3.044513049236319269e-01
1.898588777198474409e+00 -1.095813071899207070e-02 3.051272525448561757e-01
1.895687957279458713e+00 -1.097387751300018914e-02 3.063831549249819153e-01
1.895687957279458713e+00 -1.097387751300018914e-02 3.063831549249819153e-01
1.894195123697328897e+00 -1.098215707941130326e-02 3.070423097385376332e-01
1.891461932801963286e+00 -1.099764102655295152e-02 3.082728585827618217e-01
1.891461932801963286e+00 -1.099764102655295152e-02 3.082728585827618217e-01
1.890060070812724424e+00 -1.100575065713139088e-02 3.089162561420804587e-01
1.887481290591664029e+00 -1.102098038140371730e-02 3.101225444285150012e-01
1.887481290591664029e+00 -1.102098038140371730e-02 3.101225444285150012e-01
1.886162503212432728e+00 -1.102892939396865959e-02 3.107511449201582621e-01
1.883726160902091662e+00 -1.104391388282922534e-02 3.119342518044612711e-01
1.883726160902091662e+00 -1.104391388282922534e-02 3.119342518044612711e-01
1.882483419797079893e+00 -1.105171106477013075e-02 3.125489474004042312e-01
1.880178662117766075e+00 -1.106645952070354176e-02 3.137099309037768013e-01
1.880178662117766075e+00 -1.106645952070354176e-02 3.137099309037768013e-01
1.879005694108683233e+00 -1.107411316884321026e-02 3.143115522724638788e-01
1.876822672906172551e+00 -1.108863489487104011e-02 3.154514442373093086e-01
1.876822672906172551e+00 -1.108863489487104011e-02 3.154514442373093086e-01
1.875713863467190823e+00 -1.109615285219219503e-02 3.160407663238672948e-01
1.873643632676414761e+00 -1.111045716412308038e-02 3.171605690813466549e-01
1.873643632676414761e+00 -1.111045716412308038e-02 3.171605690813466549e-01
1.872593943583350073e+00 -1.111784685365439090e-02 3.177383162541819184e-01
1.870628366800219711e+00 -1.113194301347414025e-02 3.188390005857210108e-01
1.870628366800219711e+00 -1.113194301347414025e-02 3.188390005857210108e-01
1.869633265622276053e+00 -1.113921146953611961e-02 3.194058512294107310e-01
1.867764933446198095e+00 -1.115310863543210809e-02 3.204883552980296035e-01
1.867764933446198095e+00 -1.115310863543210809e-02 3.204883552980296035e-01
1.866820332976466323e+00 -1.116026253246526524e-02 3.210449459233093439e-01
1.865042489232872081e+00 -1.117396972202830754e-02 3.221101749309825402e-01
1.865042489232872081e+00 -1.117396972202830754e-02 3.221101749309825402e-01
1.864144695289498666e+00 -1.118101540122139539e-02 3.226571038620379417e-01
1.862451171255137039e+00 -1.119454146505627704e-02 3.237059302457744314e-01
1.862451171255137039e+00 -1.119454146505627704e-02 3.237059302457744314e-01
1.861596837556641848e+00 -1.120148495895448119e-02 3.242437609364748341e-01
1.859981993353810426e+00 -1.121483856250471596e-02 3.252770249594718055e-01
1.859981993353810426e+00 -1.121483856250471596e-02 3.252770249594718055e-01
1.859168082393273469e+00 -1.122168561776183682e-02 3.258062889827051389e-01
1.857626754779727829e+00 -1.123487522960125301e-02 3.268247996098834762e-01
1.857626754779727829e+00 -1.123487522960125301e-02 3.268247996098834762e-01
1.856850503800335339e+00 -1.124163132805655434e-02 3.273459993595773665e-01
1.855377959644367802e+00 -1.125466521330273188e-02 3.283505353353412537e-01
1.855377959644367802e+00 -1.125466521330273188e-02 3.283505353353412537e-01
1.854636850968937489e+00 -1.126133559151359931e-02 3.288641464740956200e-01
1.853228745772188324e+00 -1.127422180923558573e-02 3.298554575372596998e-01
1.853228745772188324e+00 -1.127422180923558573e-02 3.298554575372596998e-01
1.852520480859555452e+00 -1.128081147660538013e-02 3.303619312186775736e-01
1.851172821754921261e+00 -1.129355788036196656e-02 3.313407394057660271e-01
1.851172821754921261e+00 -1.129355788036196656e-02 3.313407394057660271e-01
1.850495298455527848e+00 -1.130007163597972035e-02 3.318405042971144248e-01
1.849204411169243389e+00 -1.131268587679079909e-02 3.328075052976181558e-01
1.849204411169243389e+00 -1.131268587679079909e-02 3.328075052976181558e-01
1.848555703735150990e+00 -1.131912832510717851e-02 3.333009694251410915e-01
1.847318203060120512e+00 -1.133161785630846206e-02 3.342568339612474460e-01
1.847318203060120512e+00 -1.133161785630846206e-02 3.342568339612474460e-01
1.846696544533773077e+00 -1.133799342173616616e-02 3.347443863972369704e-01
1.845509307914508179e+00 -1.135036550527279350e-02 3.356897616067568424e-01
1.845509307914508179e+00 -1.135036550527279350e-02 3.356897616067568424e-01
1.844913074575983192e+00 -1.135667844582927306e-02 3.361717740163648882e-01
1.843773218449438644e+00 -1.136894015965223513e-02 3.371072848253585108e-01
1.843773218449438644e+00 -1.136894015965223513e-02 3.371072848253585108e-01
1.843200916052521787e+00 -1.137519457969550681e-02 3.375841128867670404e-01
1.842105774636390247e+00 -1.138735282594679349e-02 3.385103633582539628e-01
1.842105774636390247e+00 -1.138735282594679349e-02 3.385103633582539628e-01
1.841556026199345775e+00 -1.139355268812092953e-02 3.389823480714210802e-01
1.840503132448581214e+00 -1.140561420193228308e-02 3.398999227261407241e-01
1.840503132448581214e+00 -1.140561420193228308e-02 3.398999227261407241e-01
1.839974667403190933e+00 -1.141176333836920950e-02 3.403673916205359196e-01
1.838961735895966454e+00 -1.142373469707471008e-02 3.412768567220755278e-01
1.838961735895966454e+00 -1.142373469707471008e-02 3.412768567220755278e-01
1.838453380423758388e+00 -1.142983681993261016e-02 3.417401249746958580e-01
1.837478291961756938e+00 -1.144172445257371495e-02 3.426420297774032120e-01
1.837478291961756938e+00 -1.144172445257371495e-02 3.426420297774032120e-01
1.836988960371781499e+00 -1.144778316396947992e-02 3.431014012498906918e-01
1.836049748108045554e+00 -1.145959336097870929e-02 3.439962792069771735e-01
1.836049748108045554e+00 -1.145959336097870929e-02 3.439962792069771735e-01
1.835578435129314068e+00 -1.146561216237019717e-02 3.444520474108745400e-01
1.834673272056601023e+00 -1.147735108536291140e-02 3.453404173435686841e-01
1.834673272056601023e+00 -1.147735108536291140e-02 3.453404173435686841e-01
1.834219045936553050e+00 -1.148333338643836750e-02 3.457928663409248760e-01
1.833346233590726237e+00 -1.149500707805650897e-02 3.466752335685814312e-01
1.833346233590726237e+00 -1.149500707805650897e-02 3.466752335685814312e-01
1.832908229905432229e+00 -1.150095620517260948e-02 3.471246388145033390e-01
1.832066188155171194e+00 -1.151257059892117282e-02 3.480014962465288186e-01
1.832066188155171194e+00 -1.151257059892117282e-02 3.480014962465288186e-01
1.831643604249114654e+00 -1.151848980313712086e-02 3.484481253799290301e-01
1.830830862057666097e+00 -1.153005073320271037e-02 3.493199545714465448e-01
1.830830862057666097e+00 -1.153005073320271037e-02 3.493199545714465448e-01
1.830422952041628859e+00 -1.153594319796063042e-02 3.497640681596395074e-01
1.829638139099608152e+00 -1.154745640898322684e-02 3.506313403331798861e-01
1.829638139099608152e+00 -1.154745640898322684e-02 3.506313403331798861e-01
1.829244209344385919e+00 -1.155332525746192128e-02 3.510731925754728144e-01
1.828486048484310844e+00 -1.156479641425706313e-02 3.519363696112286499e-01
1.828486048484310844e+00 -1.156479641425706313e-02 3.519363696112286499e-01
1.828105453556749138e+00 -1.157064471644018121e-02 3.523762090051661966e-01
1.827372753871872924e+00 -1.158207941364959061e-02 3.532357444005556069e-01
1.827372753871872924e+00 -1.158207941364959061e-02 3.532357444005556069e-01
1.827004892864225294e+00 -1.158791019314994730e-02 3.536738143766017806e-01
1.826296543458980848e+00 -1.159931396485920641e-02 3.545301541808120183e-01
1.826296543458980848e+00 -1.159931396485920641e-02 3.545301541808120183e-01
1.825940856671220747e+00 -1.160513020552337606e-02 3.549666937078981843e-01
1.825255820983612276e+00 -1.161650853481939472e-02 3.558202774314226380e-01
1.825255820983612276e+00 -1.161650853481939472e-02 3.558202774314226380e-01
1.824911786921443735e+00 -1.162231318714584960e-02 3.562555215976331846e-01
1.824249097561030153e+00 -1.163367151564479937e-02 3.571067831009521742e-01
1.824249097561030153e+00 -1.163367151564479937e-02 3.571067831009521742e-01
1.823916230217600409e+00 -1.163946750304645922e-02 3.575409636724383722e-01
1.823274984270441434e+00 -1.165081124040070332e-02 3.583903320362767375e-01
1.823274984270441434e+00 -1.165081124040070332e-02 3.583903320362767375e-01
1.822952830663230772e+00 -1.165660146534216492e-02 3.588236779977314606e-01
1.822332185419887951e+00 -1.166793599875333605e-02 3.596715783782317155e-01
1.822332185419887951e+00 -1.166793599875333605e-02 3.596715783782317155e-01
1.822020323357865346e+00 -1.167372334878970241e-02 3.601043164577426570e-01
1.821419492425858433e+00 -1.168505405254354271e-02 3.609511709292948511e-01
1.821419492425858433e+00 -1.168505405254354271e-02 3.609511709292948511e-01
1.821117528485127757e+00 -1.169084140628169274e-02 3.613835261099447305e-01
1.820535778251868075e+00 -1.170217365131755866e-02 3.622297544978772543e-01
1.820535778251868075e+00 -1.170217365131755866e-02 3.622297544978772543e-01
1.820243345939688728e+00 -1.170796388433681737e-02 3.626619505195609605e-01
1.819679992354022779e+00 -1.171930304790499977e-02 3.635079712272856201e-01
1.819679992354022779e+00 -1.171930304790499977e-02 3.635079712272856201e-01
1.819396750444492783e+00 -1.172509903865990265e-02 3.639402310806091889e-01
1.818851156090455889e+00 -1.173645051407123420e-02 3.647864619129678188e-01
1.818851156090455889e+00 -1.173645051407123420e-02 3.647864619129678188e-01
1.818576787116527482e+00 -1.174225514979408691e-02 3.652190083277827570e-01
1.818048358554789301e+00 -1.175362435629567943e-02 3.660658673138674213e-01
1.818048358554789301e+00 -1.175362435629567943e-02 3.660658673138674213e-01
1.817782567442943309e+00 -1.175944053893726061e-02 3.664989232451543733e-01
1.817270752797907507e+00 -1.177083293175596422e-02 3.673468294643408294e-01
1.817270752797907507e+00 -1.177083293175596422e-02 3.673468294643408294e-01
1.817013265633756758e+00 -1.177666358398399629e-02 3.677806185775591707e-01
1.816517552407393987e+00 -1.178808466456588919e-02 3.686299929914932938e-01
1.816517552407393987e+00 -1.178808466456588919e-02 3.686299929914932938e-01
1.816268115321751697e+00 -1.179393273584846726e-02 3.690647401496660041e-01
1.815788028417165911e+00 -1.180538806232868040e-02 3.699160064433474893e-01
1.815788028417165911e+00 -1.180538806232868040e-02 3.699160064433474893e-01
1.815546406583157912e+00 -1.181125653513175576e-02 3.703519381984811676e-01
1.815081506522482346e+00 -1.182275173307453450e-02 3.712055236343239639e-01
1.815081506522482346e+00 -1.182275173307453450e-02 3.712055236343239639e-01
1.814847483255559002e+00 -1.182864362920252495e-02 3.716428687255904362e-01
1.814397364578824945e+00 -1.184018440266332642e-02 3.724992050140708000e-01
1.814397364578824945e+00 -1.184018440266332642e-02 3.724992050140708000e-01
1.814170740532808024e+00 -1.184610278976892285e-02 3.729381948746845477e-01
1.813735030366566248e+00 -1.185769493270283186e-02 3.737977190643179126e-01
1.813735030366566248e+00 -1.185769493270283186e-02 3.737977190643179126e-01
1.813515622819168893e+00 -1.186364293100091588e-02 3.742385883402171709e-01
1.813093979603966899e+00 -1.187529233908416089e-02 3.751017437318829861e-01
1.813093979603966899e+00 -1.187529233908416089e-02 3.751017437318829861e-01
1.812881621826595291e+00 -1.188127312830031777e-02 3.755447308144673202e-01
1.812473734194780528e+00 -1.189298581120216275e-02 3.764119679034998445e-01
1.812473734194780528e+00 -1.189298581120216275e-02 3.764119679034998445e-01
1.812268274902027576e+00 -1.189900263778696614e-02 3.768573154790471058e-01
1.811873860698294258e+00 -1.191078473195122250e-02 3.777290929292281274e-01
1.811873860698294258e+00 -1.191078473195122250e-02 3.777290929292281274e-01
1.811675163573075009e+00 -1.191684091660581181e-02 3.781770485481271149e-01
1.811293969011021465e+00 -1.192869869860414128e-02 3.790538342026977259e-01
1.811293969011021465e+00 -1.192869869860414128e-02 3.790538342026977259e-01
1.811101912302251371e+00 -1.193479764414567650e-02 3.795046508711846234e-01
1.810733711251875544e+00 -1.194673754465568755e-02 3.803869228051296458e-01
1.810733711251875544e+00 -1.194673754465568755e-02 3.803869228051296458e-01
1.810548187441987089e+00 -1.195288274427139252e-02 3.808408596029275173e-01
1.810192780843643323e+00 -1.196491136275656952e-02 3.817291072221039583e-01
1.810192780843643323e+00 -1.196491136275656952e-02 3.817291072221039583e-01
1.810013696383997006e+00 -1.197110640868772648e-02 3.821864299491803396e-01
1.809670911785665748e+00 -1.198323052884756913e-02 3.830811551414808336e-01
1.809670911785665748e+00 -1.198323052884756913e-02 3.830811551414808336e-01
1.809498186898331973e+00 -1.198947912155784966e-02 3.835421369977893846e-01
1.809167878113737027e+00 -1.200170572763210874e-02 3.844438553427080296e-01
1.809167878113737027e+00 -1.200170572763210874e-02 3.844438553427080296e-01
1.809001446658875301e+00 -1.200801168550546041e-02 3.849087776446049602e-01
1.808683493545286458e+00 -1.202034797951255507e-02 3.858180196871652257e-01
1.808683493545286458e+00 -1.202034797951255507e-02 3.858180196871652257e-01
1.808523302953740419e+00 -1.202671524914317169e-02 3.862871726249107462e-01
1.808217611308943207e+00 -1.203916866915184444e-02 3.872044852211966592e-01
1.808217611308943207e+00 -1.203916866915184444e-02 3.872044852211966592e-01
1.808063622580205809e+00 -1.204560133629340585e-02 3.876781686624586332e-01
1.807770124159046699e+00 -1.205817957583476228e-02 3.886041164048452123e-01
1.807770124159046699e+00 -1.205817957583476228e-02 3.886041164048452123e-01
1.807622311925622505e+00 -1.206468187706783227e-02 3.890826407486627780e-01
1.807340964578056930e+00 -1.207739290578813129e-02 3.900178074778245518e-01
1.807340964578056930e+00 -1.207739290578813129e-02 3.900178074778245518e-01
1.807199317237430769e+00 -1.208396924098996406e-02 3.905014945651090197e-01
1.806930105170257983e+00 -1.209682132667729525e-02 3.914464849788144019e-01
1.806930105170257983e+00 -1.209682132667729525e-02 3.914464849788144019e-01
1.806794625086500128e+00 -1.210347627237745409e-02 3.919356690654192676e-01
1.806537559252429315e+00 -1.211647800450004094e-02 3.928911104338416171e-01
1.806537559252429315e+00 -1.211647800450004094e-02 3.928911104338416171e-01
1.806408263030106820e+00 -1.212321632821381813e-02 3.933861392329410234e-01
1.806163381648843158e+00 -1.213637664311247727e-02 3.943526832313337671e-01
1.806163381648843158e+00 -1.213637664311247727e-02 3.943526832313337671e-01
1.806040300482685490e+00 -1.214320331874711029e-02 3.948539190320793368e-01
1.805807669700081775e+00 -1.215653152663997115e-02 3.958322437018374496e-01
1.805807669700081775e+00 -1.215653152663997115e-02 3.958322437018374496e-01
1.805690849804216791e+00 -1.216345175110206643e-02 3.963400645735031813e-01
1.805470564496112429e+00 -1.217695756510423638e-02 3.973308764265892079e-01
1.805470564496112429e+00 -1.217695756510423638e-02 3.973308764265892079e-01
1.805360067618021924e+00 -1.218397677622177003e-02 3.978456775164053161e-01
1.805152252347679731e+00 -1.219767034355447727e-02 3.988497137958251781e-01
1.805152252347679731e+00 -1.219767034355447727e-02 3.988497137958251781e-01
1.805048156372427215e+00 -1.220479423946446880e-02 3.993719087316018324e-01
1.804852966511095724e+00 -1.221868617510086207e-02 4.003899398457058112e-01
1.804852966511095724e+00 -1.221868617510086207e-02 4.003899398457058112e-01
1.804755366162817731e+00 -1.222592073524865486e-02 4.009199622536046004e-01
1.804572989185382559e+00 -1.224002215821544393e-02 4.019527944000677588e-01
1.804572989185382559e+00 -1.224002215821544393e-02 4.019527944000677588e-01
1.804481996833675828e+00 -1.224737366615372483e-02 4.024910995511791212e-01
1.804312653802361721e+00 -1.226169623878640286e-02 4.035395775522006012e-01
1.804312653802361721e+00 -1.226169623878640286e-02 4.035395775522006012e-01
1.804228400382774877e+00 -1.226917130696483088e-02 4.040866441516599572e-01
1.804072347634459561e+00 -1.228372727740275304e-02 4.051516545213522669e-01
1.804072347634459561e+00 -1.228372727740275304e-02 4.051516545213522669e-01
1.803994983693501641e+00 -1.229133287416610092e-02 4.057079866561835724e-01
1.803852514748130575e+00 -1.230613512243282880e-02 4.067904609249691772e-01
1.803852514748130575e+00 -1.230613512243282880e-02 4.067904609249691772e-01
1.803782211624799459e+00 -1.231387860149242910e-02 4.073565901889484864e-01
1.803653659334926607e+00 -1.232894068955144203e-02 4.084575085127923888e-01
1.803653659334926607e+00 -1.232894068955144203e-02 4.084575085127923888e-01
1.803590610492711965e+00 -1.233682982218591191e-02 4.090339963275282931e-01
1.803476349457303618e+00 -1.235216604835654569e-02 4.101543914104051058e-01
1.803476349457303618e+00 -1.235216604835654569e-02 4.101543914104051058e-01
1.803420771982264581e+00 -1.236020905868872449e-02 4.107418315673316833e-01
1.803321221250412165e+00 -1.237583451694262981e-02 4.118827929343646388e-01
1.803321221250412165e+00 -1.237583451694262981e-02 4.118827929343646388e-01
1.803273357533693222e+00 -1.238404012063030329e-02 4.124818143823540395e-01
1.803188983628236652e+00 -1.239997076526551043e-02 4.136444930394658770e-01
1.803188983628236652e+00 -1.239997076526551043e-02 4.136444930394658770e-01
1.803149103253838925e+00 -1.240834821202162035e-02 4.142557629475400183e-01
1.803080423548582889e+00 -1.242460092830715603e-02 4.154413764705469081e-01
1.803080423548582889e+00 -1.242460092830715603e-02 4.154413764705469081e-01
1.803048825410226375e+00 -1.243316004872168506e-02 4.160656036004257152e-01
1.802996411899007390e+00 -1.244975273020843855e-02 4.172754417041146802e-01
1.802996411899007390e+00 -1.244975273020843855e-02 4.172754417041146802e-01
1.802973426573726501e+00 -1.245850398739034581e-02 4.179133801296414652e-01
1.802937910075263606e+00 -1.247545562061475391e-02 4.191488107689526066e-01
1.802937910075263606e+00 -1.247545562061475391e-02 4.191488107689526066e-01
1.802923902485346952e+00 -1.248441016726238237e-02 4.198012639863570317e-01
1.802905977333603582e+00 -1.250174092468954619e-02 4.210637400515092055e-01
1.802905977333603582e+00 -1.250174092468954619e-02 4.210637400515092055e-01
1.802901349733358138e+00 -1.251091066629155500e-02 4.217315655315254097e-01
1.802901779010192218e+00 -1.252864200848278695e-02 4.230226322081810930e-01
1.802901779010192218e+00 -1.252864200848278695e-02 4.230226322081810930e-01
1.802906974339732349e+00 -1.253803967342719677e-02 4.237067464461621857e-01
1.802926595714725133e+00 -1.255619446148000147e-02 4.250280493165256579e-01
1.802926595714725133e+00 -1.255619446148000147e-02 4.250280493165256579e-01
1.802942101369506389e+00 -1.256583367900710770e-02 4.257294334478605724e-01
1.802981833620965091e+00 -1.258443629852215931e-02 4.270827274236690951e-01
1.802981833620965091e+00 -1.258443629852215931e-02 4.270827274236690951e-01
1.803008185693622645e+00 -1.259433168556661417e-02 4.278024334807041806e-01
1.803069035995497504e+00 -1.261340818352163842e-02 4.291895926685891371e-01
1.803069035995497504e+00 -1.261340818352163842e-02 4.291895926685891371e-01
1.803106824055647595e+00 -1.262357544165842484e-02 4.299287505665483344e-01
1.803189896127254110e+00 -1.264315367775027850e-02 4.313517791786502520e-01
1.803189896127254110e+00 -1.264315367775027850e-02 4.313517791786502520e-01
1.803239768615793270e+00 -1.265360970168017025e-02 4.321116045347116463e-01
1.803346271845598592e+00 -1.267371951596850052e-02 4.335726489778287118e-01
1.803346271845598592e+00 -1.267371951596850052e-02 4.335726489778287118e-01
1.803408942172803231e+00 -1.268448251517658235e-02 4.343544518813222122e-01
1.803540201843769397e+00 -1.270515591403032114e-02 4.358558141704583222e-01
1.803540201843769397e+00 -1.270515591403032114e-02 4.358558141704583222e-01
1.803616455295841137e+00 -1.271624554954812851e-02 4.366610090446335635e-01
1.803773924059082212e+00 -1.273751691225702594e-02 4.382051617123660647e-01
1.803773924059082212e+00 -1.273751691225702594e-02 4.382051617123660647e-01
1.803864625635879015e+00 -1.274895445076923949e-02 4.390352784296135957e-01
1.804049896401174857e+00 -1.277086075943894942e-02 4.406248811223409945e-01
1.804049896401174857e+00 -1.277086075943894942e-02 4.406248811223409945e-01
1.804155999729869064e+00 -1.278266924739117176e-02 4.414815775658652020e-01
1.804370820167615186e+00 -1.280525034319264163e-02 4.431194955504811350e-01
1.804370820167615186e+00 -1.280525034319264163e-02 4.431194955504811350e-01
1.804493377662891751e+00 -1.281745480398506672e-02 4.440045718457882318e-01
1.804739666541084198e+00 -1.284075367316043353e-02 4.456938966750609854e-01
1.804739666541084198e+00 -1.284075367316043353e-02 4.456938966750609854e-01
1.804879841014522812e+00 -1.285338133112241474e-02 4.466093113600287379e-01
1.805159706629720695e+00 -1.287744442474248949e-02 4.483533839891062911e-01
1.805159706629720695e+00 -1.287744442474248949e-02 4.483533839891062911e-01
1.805318784588878733e+00 -1.289052496022746394e-02 4.493012724372795752e-01
1.805634545589278162e+00 -1.291540255218068950e-02 4.511037091182156233e-01
1.805634545589278162e+00 -1.291540255218068950e-02 4.511037091182156233e-01
1.805813952513351195e+00 -1.292896839294123065e-02 4.520864045904078310e-01
1.806168161458100663e+00 -1.295471498125924485e-02 4.539511259191212345e-01
1.806168161458100663e+00 -1.295471498125924485e-02 4.539511259191212345e-01
1.806369479394302369e+00 -1.296880163632247590e-02 4.549711836952969324e-01
1.806764949447698498e+00 -1.299547639375686799e-02 4.569024472450226027e-01
1.806764949447698498e+00 -1.299547639375686799e-02 4.569024472450226027e-01
1.806989937340658159e+00 -1.301012283714337095e-02 4.579626723707559965e-01
1.807429772558676984e+00 -1.303779011753105656e-02 4.599651093925007372e-01
1.807429772558676984e+00 -1.303779011753105656e-02 4.599651093925007372e-01
1.807680389811492372e+00 -1.305303923076133431e-02 4.610685886909541287e-01
1.808168019550060457e+00 -1.308176913875584539e-02 4.631472454394572891e-01
1.808168019550060457e+00 -1.308176913875584539e-02 4.631472454394572891e-01
1.808446453419827682e+00 -1.309766822286721408e-02 4.642973845695292368e-01
1.808985671471168066e+00 -1.312753725542973801e-02 4.664577688744074302e-01
1.808985671471168066e+00 -1.312753725542973801e-02 4.664577688744074302e-01
1.809294369032397931e+00 -1.314413862554182286e-02 4.676583353848333124e-01
1.809889378184191377e+00 -1.317523039461539897e-02 4.699064691648147662e-01
1.809889378184191377e+00 -1.317523039461539897e-02 4.699064691648147662e-01
1.810231083755250658e+00 -1.319259207288966604e-02 4.711616426998836427e-01
1.810886546562465060e+00 -1.322499811958247409e-02 4.735041211898873281e-01
1.810886546562465060e+00 -1.322499811958247409e-02 4.735041211898873281e-01
1.811264345693088140e+00 -1.324318464597834359e-02 4.748185522627768052e-01
1.811985442354281162e+00 -1.327700535752038107e-02 4.772626107949397012e-01
1.811985442354281162e+00 -1.327700535752038107e-02 4.772626107949397012e-01
1.812402813725541018e+00 -1.329608874214630379e-02 4.786414898653156835e-01
1.813195308055359112e+00 -1.333143438338880472e-02 4.811950790910515807e-01
1.813195308055359112e+00 -1.333143438338880472e-02 4.811950790910515807e-01
1.813656184964262730e+00 -1.335149522980373128e-02 4.826442180931426740e-01
1.814526499546715410e+00 -1.338848710118157800e-02 4.853160885546822234e-01
1.814526499546715410e+00 -1.338848710118157800e-02 4.853160885546822234e-01
1.815035343052993522e+00 -1.340961593704859296e-02 4.868420175363299962e-01
1.815990644725811842e+00 -1.344838767014474613e-02 4.896418144509727677e-01
1.815990644725811842e+00 -1.344838767014474613e-02 4.896418144509727677e-01
1.816552531054059116e+00 -1.347068653048948128e-02 4.912518966377734109e-01
1.817600827886251436e+00 -1.351138552997040859e-02 4.941902656077471478e-01
1.817600827886251436e+00 -1.351138552997040859e-02 4.941902656077471478e-01
1.818221553333103646e+00 -1.353496984961434155e-02 4.958928350347958647e-01
1.819371804166197704e+00 -1.357775888544071261e-02 4.989815390606974765e-01
1.819371804166197704e+00 -1.357775888544071261e-02 4.989815390606974765e-01
1.820058011606295878e+00 -1.360275977166385507e-02 5.007860659833012207e-01
1.821320248965710764e+00 -1.364781871661860727e-02 5.040381135484549580e-01
1.821320248965710764e+00 -1.364781871661860727e-02 5.040381135484549580e-01
1.822079581131388570e+00 -1.367438569160066980e-02 5.059554042037409660e-01
1.823465047744299738e+00 -1.372191338355465556e-02 5.093851871030262712e-01
1.823465047744299738e+00 -1.372191338355465556e-02 5.093851871030262712e-01
1.824306333849378126e+00 -1.375021770992304430e-02 5.114276261521524258e-01
1.825827631938828910e+00 -1.380043389235684377e-02 5.150510639079555197e-01
1.825827631938828910e+00 -1.380043389235684377e-02 5.150510639079555197e-01
1.826761116013321251e+00 -1.383067262571816870e-02 5.172329101424569808e-01
1.828432366643612639e+00 -1.388381987729203799e-02 5.210675948122183154e-01
1.828432366643612639e+00 -1.388381987729203799e-02 5.210675948122183154e-01
1.829469988269295522e+00 -1.391622082901092239e-02 5.234053436259504810e-01
1.831306994791525478e+00 -1.397256632411323675e-02 5.274706738925687421e-01
1.831306994791525478e+00 -1.397256632411323675e-02 5.274706738925687421e-01
1.832462735914758278e+00 -1.400739416802441149e-02 5.299835037589188946e-01
1.834483140156224712e+00 -1.406723099957208484e-02 5.343007892533212511e-01
1.834483140156224712e+00 -1.406723099957208484e-02 5.343007892533212511e-01
1.835773455483457495e+00 -1.410479482081032632e-02 5.370111142387585801e-01
1.837996866414123742e+00 -1.416844243984181385e-02 5.416036183326760067e-01
1.837996866414123742e+00 -1.416844243984181385e-02 5.416036183326760067e-01
1.839441219754355927e+00 -1.420910510539936944e-02 5.445377747504214216e-01
1.841889279795437373e+00 -1.427690815076840605e-02 5.494306437547685773e-01
1.841889279795437373e+00 -1.427690815076840605e-02 5.494306437547685773e-01
1.843510814776743167e+00 -1.432109798282189990e-02 5.526197466360456279e-01
1.846207145252298787e+00 -1.439342232764840093e-02 5.578397409964021003e-01
1.846207145252298787e+00 -1.439342232764840093e-02 5.578397409964021003e-01
1.848033526189786446e+00 -1.444164768296278718e-02 5.613207552414762880e-01
1.851003455190860070e+00 -1.451887181642282088e-02 5.668956469215704619e-01
1.855133144753318142e+00 -1.462402307859301739e-02 5.744881289094649901e-01
1.855133144753318142e+00 -1.462402307859301739e-02 5.744881289094649901e-01
1.857415720938369708e+00 -1.468112705180582740e-02 5.786121286585640400e-01
1.860943291419584478e+00 -1.476810369677275699e-02 5.848946797071676862e-01
1.865519976225238796e+00 -1.487885577913384064e-02 5.928967918507539459e-01
1.870527693815903669e+00 -1.499762565270053478e-02 6.014811547098912747e-01
1.875636702843242132e+00 -1.511649821141202582e-02 6.100762059336148901e-01
1.880810945566363523e+00 -1.523478861115370661e-02 6.186326010190119629e-01
1.886044918989399299e+00 -1.535252660079852380e-02 6.271526087946468486e-01
1.891333865975788120e+00 -1.546974387884468213e-02 6.356386169850430923e-01
1.896673514534334304e+00 -1.558646985568435880e-02 6.440928289319620692e-01
1.902060016648001062e+00 -1.570273183494068012e-02 6.525172793028652940e-01
1.912409986847350973e+00 -1.592245043326470655e-02 6.684490807192849937e-01
1.912409986847350973e+00 -1.592245043326470655e-02 6.684490807192849937e-01
1.918968021307776217e+00 -1.605941715634435357e-02 6.783878350369593191e-01
1.931431211714154328e+00 -1.631565312996061112e-02 6.969965332979790595e-01
1.931431211714154328e+00 -1.631565312996061112e-02 6.969965332979790595e-01
1.939977948756587800e+00 -1.648862367467083048e-02 7.095697038006381074e-01
1.955927808211196828e+00 -1.680646186024713218e-02 7.326975620657936172e-01
1.955927808211196828e+00 -1.680646186024713218e-02 7.326975620657936172e-01
1.967614379741426056e+00 -1.703574895965365502e-02 7.494015242337140892e-01
1.988799939686963114e+00 -1.744513288912473079e-02 7.792663571736203609e-01
1.988799939686962892e+00 -1.744513288912473079e-02 7.792663571736203609e-01
2.005897852998172137e+00 -1.777049823154754071e-02 8.030386555487361022e-01
2.035336190359975816e+00 -1.832249011226815688e-02 8.434409210123456901e-01
2.079943844314327883e+00 -1.914384608160101670e-02 9.037181309346373759e-01
2.136232954667252937e+00 -2.016193815528559766e-02 9.786768778654266754e-01
2.196460616530921062e+00 -2.123586707433576873e-02 1.058007647957234010e+00
2.257197418695508162e+00 -2.230802281157587622e-02 1.137440435859423227e+00
2.318107236344898681e+00 -2.337572303788316291e-02 1.216742687447064153e+00
2.379124996016053206e+00 -2.444001202815508991e-02 1.295961987796869108e+00
2.440209665505106429e+00 -2.550165168059134041e-02 1.375129752981741893e+00
2.501334634643487931e+00 -2.656120155092115201e-02 1.454266439461932681e+00
2.562482503827014924e+00 -2.761908040680162088e-02 1.533385456669402291e+00
2.623641861456724733e+00 -2.867560679248047292e-02 1.612495612190648409e+00
2.684805241951096377e+00 -2.973102649875012174e-02 1.691602672400448260e+00
2.745967806286853552e+00 -3.078553160220867321e-02 1.770710375816393789e+00
2.807126475857624648e+00 -3.183927392803305445e-02 1.849821100455955936e+00
2.868279356607174257e+00 -3.289237473720117710e-02 1.928936308461441262e+00
2.929425352207266187e+00 -3.394493180524941339e-02 2.008056845141176883e+00
2.990563902107505001e+00 -3.499702466620328162e-02 2.087183141613788706e+00
3.051694803055462479e+00 -3.604871854537689685e-02 2.166315352916678538e+00
3.112818086973545562e+00 -3.710006734196176492e-02 2.245453452501891878e+00
3.173933937206907974e+00 -3.815111591415570186e-02 2.324597297024262765e+00
3.235042631078556941e+00 -3.920190184639948255e-02 2.403746670759305815e+00
3.296144500581826620e+00 -4.025245682799233338e-02 2.482901315978525592e+00
3.357239905631324905e+00 -4.130280773725939630e-02 2.562060953604376579e+00
3.418329216035123963e+00 -4.235297750063834327e-02 2.641225297117832937e+00
3.479412799532674239e+00 -4.340298577825190546e-02 2.720394061775638583e+00
3.540491014051155627e+00 -4.445284951468536638e-02 2.799566970567762603e+00
3.601564202889729227e+00 -4.550258338428456867e-02 2.878743757914011603e+00
3.662632691927215411e+00 -4.655220015335042455e-02 2.957924171799565016e+00
3.723696788217821574e+00 -4.760171097641429511e-02 3.037107974840706603e+00
3.784756779528073434e+00 -4.865112563992270850e-02 3.116294944626031516e+00
3.845812934500764335e+00 -4.970045276371704707e-02 3.195484873575726859e+00
3.906865503225341651e+00 -5.074969996844519438e-02 3.274677568489107404e+00
3.967914718060395973e+00 -5.179887401533395802e-02 3.353872849899373065e+00
4.028960794600917161e+00 -5.284798092341357056e-02 3.433070551318242458e+00
4.090003932716303581e+00 -5.389702606827339454e-02 3.512270518427381916e+00
4.151044317608783452e+00 -5.494601426560047353e-02 3.591472608255302124e+00
4.212082120858663181e+00 -5.599494984213967269e-02 3.670676688365453799e+00
4.273117501434672505e+00 -5.704383669620048669e-02 3.749882636072142006e+00
4.334150606656019811e+00 -5.809267834944879805e-02 3.829090337694453172e+00
4.395181573098573047e+00 -5.914147799139878037e-02 3.908299687853925342e+00
4.456210527441632152e+00 -6.019023851776002243e-02 3.987510588818588886e+00
4.517237587254490983e+00 -6.123896256361066603e-02 4.066722949893909700e+00
4.578262861723807475e+00 -6.228765253217878606e-02 4.145936686859777787e+00
4.639286452323990062e+00 -6.333631061989432320e-02 4.225151721451772424e+00
4.700308453433525990e+00 -6.438493883826573727e-02 4.304367980884399536e+00
4.761328952900563571e+00 -6.543353903303041064e-02 4.383585397413696683e+00
4.822348032561245113e+00 -6.648211290096774084e-02 4.462803907936476300e+00
4.883365768714313049e+00 -6.753066200470606018e-02 4.542023453623454721e+00
4.944382232555422974e+00 -6.857918778579219499e-02 4.621243979583600670e+00
5.005397490574469366e+00 -6.962769157625554872e-02 4.700465434557121291e+00
5.066411604919035305e+00 -7.067617460886661818e-02 4.779687770634671651e+00
5.127424633726888281e+00 -7.172463802626034834e-02 4.858910943000520177e+00
5.188436631430227486e+00 -7.277308288906715605e-02 4.938134909697569519e+00
5.249447649034176600e+00 -7.382151018317299751e-02 5.017359631412296572e+00
5.310457734371826000e+00 -7.486992082621925226e-02 5.096585071277829115e+00
5.371466932337908062e+00 -7.591831567343255982e-02 5.175811194693539008e+00
5.432475285103030238e+00 -7.696669552286289351e-02 5.255037969159666922e+00
5.493482832310209396e+00 -7.801506112009926053e-02 5.334265364125625020e+00
5.554489611255289283e+00 -7.906341316252599172e-02 5.413493350850752783e+00
5.615495657052682610e+00 -8.011175230316869289e-02 5.492721902276411328e+00
5.676501002787744277e+00 -8.116007915417378094e-02 5.571950992908405453e+00
5.737505679656963231e+00 -8.220839428996436216e-02 5.651180598708813285e+00
5.798509717097044103e+00 -8.325669825010816039e-02 5.730410696996399267e+00
5.859513142903853833e+00 -8.430499154192472311e-02 5.809641266354853784e+00
5.920515983342114374e+00 -8.535327464286089627e-02 5.888872286548171076e+00
5.981518263246645262e+00 -8.640154800265899271e-02 5.968103738442557926e+00
6.042520006115884357e+00 -8.744981204533797126e-02 6.047335603934302917e+00
6.103521234198336032e+00 -8.849806717100638931e-02 6.126567865883100872e+00
6.164521968572551636e+00 -8.954631375752197808e-02 6.205800508050373310e+00
6.225522229221186699e+00 -9.059455216201567351e-02 6.285033515042157681e+00
6.286522035099620709e+00 -9.164278272229167688e-02 6.364266872256192364e+00
6.347521404199595096e+00 -9.269100575811378695e-02 6.443500565832848359e+00
6.408520353608273545e+00 -9.373922157239107655e-02 6.522734582609589715e+00
6.469518899563096781e+00 -9.478743045227126796e-02 6.601968910078681141e+00
6.530517057502769340e+00 -9.583563267014867659e-02 6.681203536347879890e+00
6.591514842114684747e+00 -9.688382848459584085e-02 6.760438450103872121e+00
6.652512267379076860e+00 -9.793201814122591553e-02 6.839673640578237901e+00
6.713509346610146977e+00 -9.898020187349096388e-02 6.918909097515748563e+00
6.774506092494400278e+00 -1.000283799034215187e-01 6.998144811144811683e+00
6.835502517126414546e+00 -1.010765524423129780e-01 7.077380772149902022e+00
6.896498632042229460e+00 -1.021247196913628724e-01 7.156616971645826553e+00
6.957494448250535868e+00 -1.031728818422633642e-01 7.235853401153684139e+00
nan nan nan
nan nan nan
nan nan nan
nan nan nan
nan nan nan
nan nan nan
nan nan nan
nan nan nan
nan nan nan
nan nan nan
nan nan nan
nan nan nan
nan nan nan
nan nan nan
nan nan nan
nan nan nan
nan nan nan
nan nan nan
nan nan nan
nan nan nan
nan nan nan
nan nan nan
nan nan nan
nan nan nan
nan nan nan
nan nan nan
nan nan nan
nan nan nan
nan nan nan
nan nan nan
nan nan nan
nan nan nan
nan nan nan
nan nan nan
nan nan nan
nan nan nan
nan nan nan
nan nan nan
nan nan nan
nan nan nan
nan nan nan
nan nan nan
nan nan nan
nan nan nan
nan nan nan
nan nan nan
nan nan nan
nan nan nan
nan nan nan
nan nan nan
nan nan nan
nan nan nan
nan nan nan
nan nan nan
nan nan nan
nan nan nan
nan nan nan
nan nan nan
nan nan nan
nan nan nan
nan nan nan
nan nan nan
nan nan nan
nan nan nan
nan nan nan
nan nan nan
nan nan nan
nan nan nan
nan nan nan
nan nan nan
nan nan nan
nan nan nan
nan nan nan
nan nan nan
nan nan nan
nan nan nan
nan nan nan
nan nan nan
nan nan nan
nan nan nan
nan nan nan
nan nan nan
nan nan nan
nan nan nan
nan nan nan
nan nan nan
nan nan nan
nan nan nan
nan nan nan
nan nan nan
nan nan nan
nan nan nan
nan nan nan
nan nan nan
nan nan nan
nan nan nan
nan nan nan
nan nan nan
nan nan nan
nan nan nan
nan nan nan
nan nan nan
nan nan nan
nan nan nan
nan nan nan
nan nan nan
nan nan nan
nan nan nan
nan nan nan
nan nan nan
nan nan nan
nan nan nan
nan nan nan
nan nan nan
nan nan nan
nan nan nan
nan nan nan
nan nan nan
nan nan nan
nan nan nan
nan nan nan
nan nan nan
nan nan nan
nan nan nan
nan nan nan
nan nan nan
nan nan nan
nan nan nan
nan nan nan
nan nan nan
nan nan nan
nan nan nan
nan nan nan
nan nan nan
nan nan nan
nan nan nan
nan nan nan
nan nan nan
nan nan nan
nan nan nan
nan nan nan
nan nan nan
nan nan nan
nan nan nan
nan nan nan
nan nan nan
nan nan nan
nan nan nan
nan nan nan
nan nan nan
nan nan nan
nan nan nan
nan nan nan
nan nan nan
nan nan nan
nan nan nan
nan nan nan
nan nan nan
nan nan nan
nan nan nan
nan nan nan
nan nan nan
nan nan nan
nan nan nan
nan nan nan
nan nan nan
nan nan nan
nan nan nan
nan nan nan
nan nan nan
nan nan nan
nan nan nan
nan nan nan
nan nan nan
nan nan nan
nan nan nan
nan nan nan
nan nan nan
nan nan nan
nan nan nan
nan nan nan
nan nan nan
nan nan nan
nan nan nan
nan nan nan
nan nan nan
nan nan nan
nan nan nan
nan nan nan
nan nan nan
nan nan nan
nan nan nan
nan nan nan
nan nan nan
nan nan nan
nan nan nan
nan nan nan
nan nan nan
nan nan nan
nan nan nan
nan nan nan
nan nan nan
nan nan nan
nan nan nan
nan nan nan
nan nan nan
nan nan nan
nan nan nan
nan nan nan
nan nan nan
nan nan nan
nan nan nan
nan nan nan
nan nan nan
nan nan nan
nan nan nan
nan nan nan
nan nan nan
nan nan nan
nan nan nan
nan nan nan
nan nan nan
nan nan nan
nan nan nan
nan nan nan
nan nan nan
nan nan nan
nan nan nan
nan nan nan
nan nan nan
nan nan nan
nan nan nan
nan nan nan
nan nan nan
nan nan nan
nan nan nan
nan nan nan
nan nan nan
nan nan nan
nan nan nan
nan nan nan
nan nan nan
nan nan nan
nan nan nan
nan nan nan
nan nan nan
nan nan nan
nan nan nan
nan nan nan
nan nan nan
nan nan nan
nan nan nan
nan nan nan
nan nan nan
nan nan nan
nan nan nan
nan nan nan
nan nan nan
nan nan nan
nan nan nan
nan nan nan
nan nan nan
nan nan nan
nan nan nan
nan nan nan
nan nan nan
nan nan nan
nan nan nan
nan nan nan
nan nan nan
nan nan nan
nan nan nan
nan nan nan
nan nan nan
nan nan nan
nan nan nan
nan nan nan
nan nan nan
nan nan nan
nan nan nan
nan nan nan
nan nan nan
nan nan nan
nan nan nan
nan nan nan
nan nan nan
nan nan nan
nan nan nan
nan nan nan
nan nan nan
nan nan nan
nan nan nan
nan nan nan
nan nan nan
nan nan nan
nan nan nan
nan nan nan
nan nan nan
nan nan nan
nan nan nan
nan nan nan
nan nan nan
nan nan nan
nan nan nan
nan nan nan
nan nan nan
nan nan nan
nan nan nan
nan nan nan
nan nan nan
nan nan nan
nan nan nan
nan nan nan
nan nan nan
nan nan nan
nan nan nan
nan nan nan
nan nan nan
nan nan nan
nan nan nan
nan nan nan
nan nan nan
nan nan nan
nan nan nan
nan nan nan
nan nan nan
nan nan nan
nan nan nan
nan nan nan
nan nan nan
nan nan nan
nan nan nan
nan nan nan
nan nan nan
nan nan nan
nan nan nan
nan nan nan
nan nan nan
nan nan nan
nan nan nan
nan nan nan
nan nan nan
nan nan nan
nan nan nan
nan nan nan
nan nan nan
nan nan nan
nan nan nan
nan nan nan
nan nan nan
nan nan nan
nan nan nan
nan nan nan
nan nan nan
nan nan nan
nan nan nan
nan nan nan
nan nan nan
nan nan nan
nan nan nan
nan nan nan
nan nan nan
nan nan nan
nan nan nan
nan nan nan
nan nan nan
nan nan nan
nan nan nan
nan nan nan
nan nan nan
nan nan nan
nan nan nan
nan nan nan
nan nan nan
nan nan nan
nan nan nan
nan nan nan
nan nan nan
nan nan nan
nan nan nan
nan nan nan
nan nan nan
nan nan nan
nan nan nan
nan nan nan
nan nan nan
nan nan nan
nan nan nan
nan nan nan
nan nan nan
nan nan nan
nan nan nan
nan nan nan
nan nan nan
nan nan nan
nan nan nan
nan nan nan
nan nan nan
nan nan nan
nan nan nan
nan nan nan
nan nan nan
